0.8999999999999999 P9 1 0 0
12691.200000028639 P0 2 0 0
20870.79999997678 P7 3 0 0
21305.89999997045 P4 4 0 0
25563.999999908487 P6 5 0 0
26199.699999899236 P3 6 0 0
24892.899999918252 P6 1 0 0
26223.199999898894 P5 2 0 0
1184.700000000018 P6 1 0 0
27306.39999988313 P7 2 0 0
14701.10000003595 P0 1 0 0
15029.400000037145 P3 2 0 0
20445.199999982975 P2 3 0 0
2071.899999999211 P1 1 0 0
2354.699999998954 P6 2 0 0
21992.99999996045 P5 3 0 0
27196.099999884736 P0 4 0 0
2577.799999998751 P0 1 0 0
11307.100000023604 P2 2 0 0
14924.600000036764 P6 3 0 0
325.4000000000055 P4 1 0 0
18654.80000000903 P8 2 0 0
2223.499999999073 P5 1 0 0
17542.300000025218 P1 2 0 0
26796.299999890554 P6 3 0 0
1948.899999999323 P0 1 0 0
6287.600000005343 P2 2 0 0
2751.9999999985926 P8 1 0 0
5237.200000001521 P9 2 0 0
15262.300000037993 P3 3 0 0
