1196.700000000007 P25 1 2 0
1225.7999999999806 P14 2 2 0
1645.499999999599 P2 3 2 3
1675.6999999995714 P30 4 2 3
1817.6999999994423 P36 5 2 3
2059.1999999992227 P7 6 3 2
2110.7999999991757 P0 7 3 2
2334.4999999989723 P41 8 5 6
2361.099999998948 P31 9 5 6
2401.3999999989114 P39 10 5 6
3175.1999999982077 P28 11 7 4
3315.39999999808 P43 12 7 4
3492.699999997919 P45 13 7 4
3802.399999997637 P33 14 8 3
4128.199999997487 P34 15 9 2
4364.199999998345 P9 16 9 4
4885.500000000242 P1 17 11 2
5125.500000001115 P15 18 11 7
5222.800000001469 P19 19 11 7
5410.700000002153 P5 20 12 6
6080.400000004589 P6 21 13 5
6480.800000006046 P35 22 15 5
6566.300000006357 P13 23 15 5
6700.200000006844 P4 24 15 7
7007.700000007962 P23 25 16 6
8265.000000012536 P44 26 19 3
8291.700000012634 P48 27 19 8
9710.700000017796 P38 28 22 6
10041.900000019 P47 29 22 6
10076.400000019126 P18 30 22 6
10122.000000019292 P24 31 23 12
10257.800000019786 P29 32 23 12
10380.00000002023 P27 33 23 12
10621.90000002111 P37 34 24 11
10776.900000021675 P46 35 24 11
10928.800000022227 P21 36 24 11
11119.20000002292 P8 37 25 10
11131.600000022965 P32 38 25 10
11211.700000023257 P49 39 25 10
11575.200000024579 P22 40 26 9
11864.900000025633 P40 41 26 9
11975.900000026037 P42 42 26 9
12373.200000027482 P12 43 27 8
13576.70000003186 P10 44 29 6
13800.600000032675 P11 45 30 5
13970.300000033292 P26 46 30 5
14058.000000033611 P17 47 31 4
14555.10000003542 P20 48 32 3
15001.100000037042 P3 49 34 1
16821.500000035707 P16 50 35 0
0.7 P19 1 0 0
92.99999999999899 P42 2 0 0
981.9000000001547 P11 3 0 2
1694.799999999554 P1 4 2 2
1831.8999999994294 P36 5 2 2
1905.4999999993624 P26 6 2 3
2084.3999999991997 P37 7 3 2
2478.1999999988416 P16 8 5 0
3119.799999998258 P25 9 5 0
3135.6999999982436 P2 10 5 3
3189.5999999981946 P41 11 5 3
3573.4999999978454 P38 12 6 6
4289.499999998074 P33 13 8 8
4575.099999999113 P27 14 9 7
4643.899999999363 P43 15 9 7
4794.699999999912 P5 16 9 7
5534.700000002604 P7 17 12 4
6051.7000000044845 P24 18 13 6
6058.300000004509 P8 19 13 6
6503.100000006127 P15 20 14 10
6524.500000006205 P47 21 14 10
6612.100000006523 P23 22 14 10
7547.200000009925 P20 23 16 8
7702.200000010489 P49 24 16 12
7764.700000010716 P35 25 16 12
8128.300000012039 P46 26 17 11
8272.500000012564 P34 27 17 11
8299.700000012663 P14 28 17 11
9445.30000001683 P17 29 20 8
9471.700000016926 P18 30 20 9
9488.300000016987 P3 31 20 12
9725.100000017848 P10 32 21 13
10229.100000019682 P48 33 21 13
10606.400000021054 P4 34 22 12
11574.700000024577 P30 35 24 10
12244.400000027013 P32 36 25 10
12837.800000029172 P28 37 26 10
12911.000000029439 P12 38 26 10
12973.400000029666 P29 39 26 10
13809.400000032707 P9 40 28 8
13877.200000032954 P21 41 28 8
14091.900000033735 P0 42 29 7
14796.000000036296 P6 43 30 6
14927.300000036774 P44 44 30 6
14954.600000036873 P13 45 30 6
15174.200000037672 P39 46 31 5
15591.100000039189 P22 47 32 4
16535.100000039874 P45 48 35 1
16548.300000039682 P40 49 35 1
17187.300000030384 P31 50 36 0
934.1000000001438 P32 1 1 0
1018.500000000163 P25 2 1 0
2262.6999999990376 P47 3 1 0
3217.499999998169 P17 4 1 0
4265.499999997986 P33 5 3 2
5697.400000003196 P46 6 5 7
6136.100000004792 P41 7 6 6
7074.700000008206 P1 8 8 10
7266.900000008905 P30 9 8 10
7327.800000009127 P38 10 9 14
7346.900000009196 P9 11 9 14
7887.400000011163 P4 12 10 14
8072.100000011835 P40 13 10 14
8223.800000012387 P35 14 11 22
8499.300000013389 P5 15 11 22
8694.300000014098 P43 16 12 21
8792.600000014456 P26 17 12 21
8947.400000015019 P20 18 12 21
8958.70000001506 P0 19 12 21
8984.800000015155 P42 20 12 21
9346.40000001647 P34 21 13 20
9417.400000016729 P49 22 13 20
9616.700000017454 P19 23 13 20
9642.600000017548 P3 24 13 20
9864.100000018354 P24 25 14 19
9927.500000018585 P7 26 14 19
10137.600000019349 P21 27 14 19
10760.000000021613 P14 28 15 18
10998.800000022482 P28 29 16 17
11123.700000022936 P44 30 16 17
11401.500000023947 P8 31 17 16
11625.900000024763 P37 32 17 16
11773.4000000253 P27 33 17 19
11817.100000025459 P31 34 17 19
12200.600000026854 P45 35 18 18
12330.800000027328 P2 36 19 17
12630.600000028418 P29 37 19 17
12710.50000002871 P13 38 19 17
13009.300000029796 P12 39 20 16
13015.100000029817 P15 40 20 16
13267.300000030735 P39 41 20 16
13554.80000003178 P48 42 21 15
14902.900000036685 P18 43 23 13
15077.30000003732 P22 44 24 12
15324.90000003822 P36 45 25 11
17948.100000019313 P23 46 31 5
18554.40000001049 P10 47 33 3
21957.599999960967 P11 48 36 0
22072.599999959293 P6 49 36 0
22704.3999999501 P16 50 36 0
1.2 P41 1 0 0
1933.599999999337 P7 2 3 3
2009.6999999992677 P5 3 3 3
2028.4999999992506 P22 4 3 3
2198.499999999096 P36 5 4 2
2216.8999999990792 P17 6 4 2
2568.2999999987596 P29 7 6 0
2622.1999999987106 P18 8 6 0
3422.099999997983 P4 9 6 6
3800.599999997639 P34 10 6 8
4027.3999999974326 P40 11 7 7
5272.300000001649 P44 12 10 4
5504.800000002495 P3 13 10 4
5793.900000003547 P15 14 11 3
6353.5000000055825 P8 15 13 1
6472.600000006016 P25 16 13 3
6550.400000006299 P28 17 13 3
6578.500000006401 P13 18 13 4
6654.200000006676 P48 19 13 10
6789.80000000717 P14 20 14 9
7433.800000009513 P45 21 16 7
7550.700000009938 P16 22 16 7
8265.000000012536 P46 23 17 6
8362.40000001289 P12 24 18 5
8812.200000014527 P19 25 19 7
9173.500000015842 P1 26 19 14
9211.800000015981 P11 27 19 14
9250.0 P2 28 19 14
10492.000000020638 P31 29 22 11
10690.40000002136 P32 30 22 11
10794.400000021738 P24 31 22 11
10833.700000021881 P35 32 22 11
11178.700000023136 P33 33 23 10
11394.800000023923 P26 34 23 10
12363.100000027445 P39 35 25 9
12843.600000029193 P0 36 26 8
13103.200000030138 P49 37 27 7
13150.200000030309 P47 38 27 9
13477.9000000315 P6 39 27 9
14127.300000033863 P43 40 29 7
14374.500000034763 P37 41 29 7
14734.200000036071 P38 42 30 6
15061.300000037261 P10 43 31 5
15209.100000037799 P30 44 31 5
15923.600000040398 P27 45 33 3
16656.600000038106 P20 46 35 1
19058.70000000315 P23 47 36 0
19388.59999999835 P21 48 36 0
19450.099999997456 P42 49 36 0
20305.899999985002 P9 50 36 0
727.2000000000968 P41 1 0 0
2386.7999999989247 P34 2 3 0
2562.9999999987645 P27 3 3 0
3864.299999997581 P19 4 3 7
4335.999999998243 P18 5 4 6
4467.19999999872 P6 6 5 6
4996.7000000006465 P1 7 6 9
5203.8000000014 P0 8 6 9
5652.700000003033 P14 9 7 8
5725.600000003298 P11 10 8 7
5985.900000004245 P24 11 8 7
6092.700000004634 P46 12 9 6
6159.700000004877 P32 13 9 6
6797.800000007199 P30 14 11 6
7300.600000009028 P7 15 12 5
8332.10000001278 P21 16 15 2
8350.100000012846 P2 17 15 2
9073.90000001548 P47 18 17 4
9117.90000001564 P28 19 17 16
9131.500000015689 P5 20 17 16
10268.600000019826 P39 21 20 13
10697.800000021387 P36 22 21 12
10784.200000021701 P4 23 21 12
11274.600000023485 P42 24 22 11
11314.40000002363 P26 25 22 13
11467.900000024189 P40 26 23 12
11619.200000024739 P8 27 23 12
11663.5000000249 P48 28 23 12
11693.400000025009 P17 29 23 12
11859.300000025612 P20 30 23 12
11872.900000025662 P9 31 23 12
12294.100000027194 P35 32 24 11
12302.400000027224 P37 33 24 11
13105.900000030148 P23 34 26 9
13111.700000030169 P38 35 26 9
13461.700000031442 P25 36 26 9
13525.500000031674 P33 37 27 8
13656.10000003215 P15 38 27 8
13803.300000032685 P12 39 27 8
13818.50000003274 P44 40 27 8
14087.000000033717 P10 41 27 8
14352.00000003468 P43 42 28 7
14435.600000034985 P29 43 28 7
14454.100000035052 P16 44 28 7
14722.600000036029 P3 45 29 6
14968.300000036923 P45 46 29 6
15105.00000003742 P49 47 29 6
17217.70000002994 P22 48 34 1
17523.300000025494 P31 49 35 0
17828.900000021047 P13 50 35 0
130.0 P27 1 0 1
244.99999999999037 P12 2 1 0
1872.899999999392 P6 3 1 1
2442.599999998874 P17 4 2 0
2806.8999999985426 P36 5 2 0
3320.899999998075 P31 6 2 3
3624.0999999977994 P11 7 3 5
3841.999999997601 P39 8 3 5
4057.799999997405 P44 9 4 4
4196.099999997734 P30 10 4 7
4837.700000000068 P10 11 5 6
4914.200000000346 P20 12 6 11
5047.20000000083 P33 13 6 11
5287.600000001705 P46 14 7 10
5398.3000000021075 P14 15 7 13
5410.4000000021515 P13 16 8 14
5557.400000002686 P21 17 8 14
5570.200000002733 P28 18 8 17
5703.600000003218 P47 19 8 17
5975.500000004207 P3 20 9 16
6405.900000005773 P40 21 10 15
6499.400000006113 P19 22 10 15
6978.000000007854 P16 23 11 15
7035.000000008062 P4 24 11 15
7040.800000008083 P18 25 11 15
7107.200000008324 P5 26 11 15
7250.900000008847 P24 27 12 14
7287.900000008982 P22 28 12 18
7396.300000009376 P42 29 12 18
7650.900000010302 P49 30 13 17
7711.300000010522 P9 31 13 18
8183.000000012238 P43 32 14 17
8720.500000014194 P45 33 15 16
8925.200000014938 P15 34 15 16
9796.600000018108 P32 35 17 14
10136.800000019346 P37 36 17 14
10329.000000020045 P41 37 18 13
10654.200000021228 P48 38 18 13
10946.500000022292 P0 39 19 12
11293.100000023553 P1 40 20 11
11915.800000025818 P26 41 21 10
12716.30000002873 P8 42 23 8
12910.600000029437 P23 43 23 8
13026.80000002986 P2 44 23 8
13516.600000031642 P34 45 25 6
14013.70000003345 P25 46 26 6
15607.700000039249 P38 47 31 1
16006.6000000407 P7 48 32 0
16513.700000040186 P29 49 32 2
18214.500000015436 P35 50 34 0
6855.7000000074095 P18 1 6 8
7061.90000000816 P8 2 6 19
7242.700000008817 P40 3 6 25
7275.600000008937 P39 4 6 25
7727.30000001058 P1 5 7 24
7889.200000011169 P9 6 8 23
8011.100000011613 P17 7 8 23
8056.400000011778 P29 8 8 26
8401.600000013033 P37 9 9 25
8487.800000013347 P42 10 9 27
8529.7000000135 P30 11 9 27
8588.100000013712 P44 12 9 27
8916.800000014908 P48 13 9 27
9402.800000016676 P3 14 10 26
9422.500000016747 P12 15 10 26
9485.600000016977 P46 16 11 25
9819.20000001819 P19 17 11 25
10195.40000001956 P31 18 12 24
10431.200000020417 P2 19 12 24
10631.300000021145 P4 20 13 23
10716.900000021456 P5 21 13 23
10965.20000002236 P27 22 13 23
11347.60000002375 P47 23 14 22
11616.80000002473 P32 24 14 22
11718.6000000251 P20 25 14 22
11759.000000025248 P33 26 14 22
13062.100000029988 P45 27 17 19
13489.800000031544 P35 28 18 18
13509.400000031615 P14 29 18 18
14775.30000003622 P43 30 21 15
15074.400000037309 P13 31 22 14
15187.20000003772 P15 32 22 14
15821.500000040027 P41 33 24 12
16011.400000040718 P38 34 25 11
16030.100000040786 P22 35 25 11
16288.300000041725 P23 36 25 11
16803.800000035964 P34 37 26 10
16957.200000033732 P16 38 27 9
17092.500000031763 P49 39 27 9
17139.40000003108 P36 40 27 9
17407.200000027184 P24 41 29 7
17718.200000022658 P10 42 30 6
18081.300000017374 P0 43 31 5
18186.70000001584 P21 44 31 5
18771.100000007336 P7 45 33 3
19518.899999996454 P6 46 35 1
19587.89999999545 P11 47 35 1
19647.399999994585 P28 48 35 1
22407.699999954417 P25 49 36 0
22556.69999995225 P26 50 36 0
0.8999999999999999 P10 1 0 0
1152.5000000000473 P20 2 1 0
1415.9999999998076 P15 3 2 0
1837.3999999994244 P14 4 2 1
1974.1999999993 P40 5 2 1
2620.699999998712 P13 6 4 0
3038.0999999983324 P49 7 5 2
3361.799999998038 P19 8 6 7
3507.099999997906 P48 9 6 7
3552.7999999978642 P21 10 6 7
4142.199999997538 P47 11 8 5
4364.4999999983465 P46 12 8 7
4450.299999998659 P29 13 8 10
4510.799999998879 P23 14 9 10
5196.0000000013715 P36 15 10 9
5324.400000001839 P37 16 11 8
5900.200000003933 P7 17 12 15
5920.600000004008 P2 18 12 15
6529.100000006221 P25 19 13 14
6601.600000006485 P45 20 13 14
7331.50000000914 P26 21 14 13
8532.70000001351 P17 22 17 12
8624.100000013843 P22 23 17 12
8942.600000015002 P9 24 18 15
9168.400000015823 P1 25 18 15
9351.90000001649 P24 26 18 18
9439.100000016808 P27 27 18 18
9526.000000017124 P34 28 19 17
10904.500000022139 P4 29 21 15
10919.500000022193 P0 30 21 15
10945.500000022288 P32 31 21 15
11233.900000023337 P38 32 22 14
11310.600000023616 P12 33 22 14
11727.300000025132 P41 34 23 13
11792.400000025369 P33 35 23 13
12060.0 P5 36 23 13
12231.300000026966 P43 37 24 12
12258.200000027064 P16 38 24 12
12291.300000027184 P39 39 24 12
12362.100000027442 P11 40 24 12
12908.60000002943 P18 41 26 10
12995.200000029745 P8 42 26 10
13082.00000003006 P31 43 26 10
13099.000000030122 P30 44 26 10
13234.500000030615 P35 45 27 9
13483.10000003152 P44 46 27 9
14592.900000035557 P42 47 30 6
16397.700000041874 P28 48 35 1
16673.200000037865 P6 49 36 0
17017.90000003285 P3 50 36 0
382.2000000000184 P12 1 0 0
999.1000000001586 P24 2 1 1
1221.999999999984 P37 3 2 0
1257.199999999952 P39 4 2 0
1776.9999999994793 P41 5 2 0
2413.7999999989 P13 6 2 0
2425.6999999988893 P26 7 2 0
3516.3999999978973 P45 8 5 1
4043.499999997418 P1 9 6 0
4157.199999997592 P19 10 6 0
4205.399999997768 P25 11 6 0
5568.000000002725 P11 12 9 5
6727.600000006943 P2 13 11 12
6940.000000007716 P30 14 11 13
7169.800000008552 P23 15 12 12
7230.500000008773 P9 16 12 12
7345.0000000091895 P33 17 12 12
7350.5000000092095 P44 18 12 12
7525.000000009844 P10 19 13 11
7526.700000009851 P20 20 13 11
7615.800000010175 P8 21 13 12
7822.000000010925 P35 22 13 12
7983.100000011511 P5 23 13 12
8176.600000012215 P16 24 14 11
8198.000000012293 P49 25 14 11
8330.500000012775 P47 26 14 11
8469.60000001328 P22 27 14 11
8625.000000013846 P18 28 15 10
8627.200000013854 P36 29 15 10
8670.500000014012 P0 30 15 10
8776.100000014396 P34 31 15 10
8861.600000014707 P14 32 15 10
8941.100000014996 P42 33 15 10
8961.100000015069 P48 34 15 11
9187.00000001589 P31 35 16 10
9295.200000016284 P7 36 16 10
9503.900000017044 P46 37 16 10
10777.500000021677 P4 38 20 6
11040.400000022633 P28 39 20 6
12403.700000027593 P6 40 25 2
12406.200000027602 P17 41 25 2
12412.400000027625 P27 42 25 2
13916.100000033095 P21 43 27 0
15268.400000038015 P38 44 27 0
17021.500000032796 P3 45 27 0
24157.999999928947 P40 46 27 0
26139.199999900116 P29 47 31 3
26974.59999988796 P32 48 33 2
27023.499999887248 P15 49 33 2
879.4000000001314 P8 1 0 0
1350.9999999998668 P44 2 1 0
2503.6999999988184 P42 3 1 0
6294.900000005369 P19 4 1 0
7263.500000008893 P39 5 4 18
7944.200000011369 P24 6 5 17
8507.300000013418 P0 7 6 18
8534.400000013517 P49 8 6 18
8695.900000014104 P18 9 7 17
8699.400000014117 P40 10 7 17
8760.300000014338 P36 11 7 17
8832.0000000146 P27 12 7 22
8975.600000015122 P11 13 7 22
9009.100000015243 P29 14 7 22
9046.000000015378 P28 15 7 22
9118.30000001564 P25 16 7 22
9174.700000015846 P6 17 7 22
9202.900000015949 P7 18 8 21
9265.100000016175 P21 19 8 21
9455.200000016866 P4 20 8 21
9873.200000018387 P38 21 10 19
10261.6000000198 P46 22 10 19
10330.700000020051 P16 23 11 20
10557.300000020876 P3 24 11 22
10889.300000022084 P48 25 12 21
10902.20000002213 P35 26 12 21
11173.300000023117 P5 27 12 21
11373.500000023845 P20 28 13 20
11660.300000024889 P2 29 13 20
12123.600000026574 P14 30 14 19
12247.500000027025 P31 31 15 18
12955.000000029599 P33 32 16 17
13523.000000031665 P30 33 17 16
13670.500000032202 P9 34 17 16
13864.400000032907 P15 35 18 15
14114.300000033816 P32 36 18 15
14554.300000035417 P12 37 19 14
14995.300000037021 P17 38 20 13
15096.300000037389 P37 39 20 13
16944.20000003392 P43 40 27 6
16996.800000033156 P23 41 27 6
17006.20000003302 P45 42 27 9
18040.700000017965 P47 43 29 7
18390.90000001287 P13 44 30 6
19119.20000000227 P22 45 31 5
19400.99999999817 P1 46 32 4
20360.199999984212 P41 47 35 1
22399.699999954533 P34 48 36 0
22551.79999995232 P10 49 36 0
23090.49999994448 P26 50 36 0
