0.5 P32 1 0 0
1606.6999999996342 P64 2 0 0
1714.1999999995364 P28 3 0 0
2917.499999998442 P74 4 0 0
3580.0 P93 5 0 0
4528.499999998943 P29 6 0 0
4992.3000000006305 P25 7 0 0
6475.800000006027 P21 8 0 0
7754.400000010679 P59 9 0 0
8840.50000001463 P12 10 0 0
11128.200000022953 P79 11 0 0
11499.800000024305 P30 12 0 0
11791.600000025366 P72 13 0 0
17025.100000032744 P39 14 0 0
19794.299999992447 P86 15 0 0
22290.399999956124 P23 16 0 0
27119.299999885854 P20 17 0 0
28501.099999865746 P63 18 0 0
1.7000000000000004 P28 1 0 0
997.3000000001582 P82 2 0 0
1657.399999999588 P72 3 0 0
2303.099999999001 P2 4 0 0
6188.3000000049815 P36 5 0 0
6722.900000006926 P87 6 0 0
6761.100000007065 P84 7 0 0
10692.100000021366 P0 8 0 0
12862.900000029264 P3 9 0 0
13311.400000030895 P34 10 0 0
18654.900000009027 P85 11 0 0
20123.29999998766 P39 12 0 0
23727.299999935214 P58 13 0 0
24158.49999992894 P74 14 0 0
26233.299999898747 P56 15 0 0
27910.0 P95 16 0 0
28302.099999868642 P63 17 0 0
0.7999999999999999 P67 1 0 0
0.9999999999999999 P94 2 0 0
100.99999999999854 P51 3 0 0
108.09999999999813 P12 4 0 0
4698.499999999562 P15 5 0 0
5018.900000000727 P48 6 0 0
8990.600000015176 P19 7 0 0
11369.700000023831 P37 8 0 0
11378.500000023863 P39 9 0 0
11567.10000002455 P89 10 0 0
12029.700000026232 P59 11 0 0
14494.7000000352 P17 12 0 0
16265.700000041643 P14 13 0 0
17097.400000031692 P80 14 0 0
17740.10000002234 P61 15 0 0
19183.20000000134 P4 16 0 0
19583.999999995507 P49 17 0 0
19837.199999991823 P71 18 0 0
19971.199999989873 P38 19 0 0
23438.599999939415 P18 20 0 0
23971.699999931658 P52 21 0 0
27076.99999988647 P93 22 0 0
28356.59999986785 P24 23 0 0
0.4 P99 1 0 0
707.6000000000923 P84 2 0 0
785.8000000001101 P73 3 0 0
834.2000000001211 P6 4 0 0
1100.9000000000942 P95 5 0 0
2352.599999998956 P63 6 0 0
3518.2999999978956 P26 7 0 0
4148.499999997561 P24 8 0 0
12375.000000027489 P88 9 0 0
12673.300000028574 P10 10 0 0
15163.200000037632 P37 11 0 0
17085.500000031865 P17 12 0 0
18974.20000000438 P34 13 0 0
19372.599999998583 P80 14 0 0
21402.399999969046 P75 15 0 0
22083.19999995914 P53 16 0 0
22324.99999995562 P83 17 0 0
25676.599999906848 P8 18 0 0
26868.599999889502 P43 19 0 0
27644.099999878217 P58 20 0 0
431.4000000000296 P24 1 0 0
916.5000000001398 P8 2 0 0
1853.09999999941 P96 3 0 0
1970.6999999993031 P23 4 0 0
4803.399999999943 P60 5 0 0
4855.7000000001335 P72 6 0 0
5833.000000003689 P31 7 0 0
7714.300000010533 P90 8 0 0
11004.900000022504 P2 9 0 0
11347.40000002375 P63 10 0 0
11382.200000023877 P18 11 0 0
11873.200000025663 P95 12 0 0
14537.100000035354 P49 13 0 0
17047.200000032422 P57 14 0 0
17339.000000028176 P55 15 0 0
23296.499999941483 P81 16 0 0
24993.199999916793 P85 17 0 0
25649.59999990724 P92 18 0 0
27141.699999885528 P21 19 0 0
1429.4999999997954 P31 1 0 0
2059.699999999222 P57 2 0 0
2570.0 P30 3 0 0
3381.7999999980198 P34 4 0 0
5301.300000001755 P71 5 0 0
8222.300000012381 P14 6 0 0
9335.20000001643 P40 7 0 0
9706.20000001778 P23 8 0 0
10838.9000000219 P55 9 0 0
13017.700000029827 P85 10 0 0
13072.700000030027 P2 11 0 0
13979.700000033326 P36 12 0 0
18696.60000000842 P61 13 0 0
19501.599999996706 P54 14 0 0
20143.999999987358 P42 15 0 0
20216.199999986307 P98 16 0 0
20340.4999999845 P56 17 0 0
21604.09999996611 P82 18 0 0
23320.19999994114 P84 19 0 0
25498.699999909437 P64 20 0 0
379.30000000001775 P62 1 0 0
1218.899999999987 P5 2 0 0
3427.599999997978 P89 3 0 0
3828.6999999976133 P2 4 0 0
4107.1999999974105 P23 5 0 0
4598.599999999198 P9 6 0 0
6152.000000004849 P40 7 0 0
9480.70000001696 P94 8 0 0
10213.200000019624 P56 9 0 0
10445.100000020468 P52 10 0 0
11416.500000024002 P1 11 0 0
13609.100000031978 P57 12 0 0
14234.300000034253 P25 13 0 0
15021.000000037115 P19 14 0 0
17348.600000028036 P0 15 0 0
23514.59999993831 P34 16 0 0
24507.399999923862 P28 17 0 0
24871.79999991856 P30 18 0 0
25913.899999903395 P47 19 0 0
28281.69999986894 P55 20 0 0
0.5 P68 1 0 0
1014.9000000001622 P90 2 0 0
1835.3999999994262 P13 3 0 0
4741.399999999718 P33 4 0 0
5090.100000000986 P35 5 0 0
5488.900000002437 P71 6 0 0
5905.200000003952 P89 7 0 0
8947.50000001502 P17 8 0 0
11070.300000022742 P19 9 0 0
11285.600000023525 P38 10 0 0
11850.900000025582 P72 11 0 0
16798.300000036044 P70 12 0 0
18893.10000000556 P66 13 0 0
19391.9999999983 P29 14 0 0
21879.299999962106 P9 15 0 0
22929.299999946827 P7 16 0 0
23498.199999938548 P36 17 0 0
25387.89999991105 P21 18 0 0
25863.29999990413 P41 19 0 0
26774.59999989087 P11 20 0 0
436.40000000003073 P19 1 0 0
4042.5999999974188 P36 2 0 0
4702.5999999995765 P12 3 0 0
4770.999999999825 P72 4 0 0
8278.700000012586 P76 5 0 0
8851.50000001467 P32 6 0 0
10215.10000001963 P20 7 0 0
10810.100000021795 P43 8 0 0
12757.40000002888 P79 9 0 0
15433.200000038614 P60 10 0 0
17250.70000002946 P2 11 0 0
17340.80000002815 P71 12 0 0
17925.100000019647 P22 13 0 0
20184.49999998677 P7 14 0 0
21836.199999962733 P70 15 0 0
23136.299999943814 P11 16 0 0
23870.299999933133 P56 17 0 0
24543.39999992334 P61 18 0 0
2.600000000000001 P4 1 0 0
258.79999999999035 P37 2 0 0
3740.3999999976936 P61 3 0 0
5686.1000000031545 P57 4 0 0
7584.4000000100605 P48 5 0 0
8710.500000014157 P98 6 0 0
9674.700000017665 P44 7 0 0
10493.300000020643 P5 8 0 0
13618.00000003201 P97 9 0 0
14096.00000003375 P17 10 0 0
16245.100000041568 P59 11 0 0
20274.599999985458 P36 12 0 0
24720.69999992076 P83 13 0 0
26119.399999900405 P13 14 0 0
26245.299999898572 P7 15 0 0
