24365.499999925927 P0 1 1 3
24835.29999991909 P2 2 2 2
25801.699999905028 P7 3 4 1
27463.999999880838 P3 4 5 0
701.2000000000909 P1 1 1 0
24483.199999924214 P8 2 3 1
24658.399999921665 P6 3 3 1
24754.19999992027 P9 4 4 0
24992.899999916797 P5 5 4 0
25670.89999990693 P0 6 4 0
6867.700000007453 P1 1 1 0
7971.80000001147 P7 2 1 0
25255.19999991298 P8 3 2 3
1967.7999999993058 P5 1 1 0
9620.90000001747 P8 2 1 0
8455.60000001323 P2 1 1 0
1398.1999999998238 P2 1 0 1
10423.000000020387 P3 2 1 0
11183.100000023152 P6 3 2 0
20739.199999978697 P4 4 2 0
28761.499999861957 P0 5 4 0
324.9000000000054 P7 1 0 0
3085.999999998289 P6 2 0 0
11813.500000025446 P8 3 0 1
24068.49999993025 P1 4 1 0
5568.500000002727 P6 1 0 1
8674.100000014025 P1 2 1 0
13548.100000031756 P9 3 1 0
14408.400000034886 P5 4 1 2
18106.100000017013 P3 5 3 0
26105.39999990061 P0 6 3 0
420.0 P5 1 0 0
1227.699999999979 P6 2 0 0
8106.700000011961 P1 3 0 0
1233.199999999974 P6 1 0 0
18606.200000009736 P8 2 0 0
18688.40000000854 P4 3 0 4
24324.299999926527 P0 4 4 0
24895.399999918216 P2 5 5 0
