0.5 P42 1 0 0
100.59999999999856 P95 2 0 0
2284.299999999018 P80 3 0 1
2874.3999999984812 P48 4 1 0
2882.9999999984734 P36 5 1 0
3090.9999999982842 P8 6 1 0
3270.499999998121 P74 7 1 0
3838.1999999976047 P55 8 1 0
3893.0999999975547 P99 9 1 0
3904.899999997544 P87 10 1 0
4090.899999997375 P27 11 1 1
4111.999999997428 P45 12 1 1
4283.999999998054 P98 13 1 1
4342.999999998268 P21 14 1 1
4356.299999998317 P67 15 1 1
4370.599999998369 P37 16 2 0
4375.099999998385 P44 17 2 0
4750.19999999975 P46 18 2 0
4777.999999999851 P17 19 2 0
4883.700000000235 P50 20 2 1
4921.700000000374 P81 21 2 1
4982.800000000596 P93 22 2 1
5093.000000000997 P30 23 2 1
5134.500000001148 P1 24 2 1
5198.600000001381 P34 25 2 1
5243.300000001544 P64 26 2 1
5474.000000002383 P22 27 3 0
5833.600000003691 P66 28 3 0
6000.100000004297 P33 29 3 0
6089.300000004621 P25 30 3 0
6315.200000005443 P31 31 3 0
6355.7000000055905 P2 32 3 0
7021.200000008012 P71 33 3 0
7184.300000008605 P7 34 3 0
7318.800000009094 P10 35 3 0
8001.300000011577 P78 36 3 0
8446.000000013195 P85 37 3 0
8503.600000013404 P51 38 3 0
8514.800000013445 P41 39 3 0
8662.400000013982 P60 40 3 1
8826.70000001458 P20 41 3 1
8927.100000014945 P59 42 3 1
8981.600000015143 P75 43 3 1
9206.900000015963 P86 44 4 0
9417.000000016727 P76 45 4 0
9426.00000001676 P3 46 4 0
9530.0 P89 47 4 0
9656.100000017597 P38 48 4 0
9704.300000017773 P26 49 4 0
9724.500000017846 P52 50 4 0
9787.800000018076 P0 51 4 0
9835.800000018251 P62 52 4 0
9845.800000018287 P65 53 4 0
10039.200000018991 P11 54 4 0
10140.50000001936 P56 55 4 0
10256.800000019783 P73 56 4 0
10272.000000019838 P68 57 4 0
10381.800000020237 P63 58 4 0
10812.700000021805 P47 59 4 0
11245.50000002338 P82 60 4 0
11626.200000024764 P69 61 4 0
13474.400000031488 P94 62 4 0
14462.200000035082 P90 63 4 0
14561.300000035442 P70 64 4 0
14680.800000035877 P15 65 4 0
14900.200000036675 P61 66 4 0
15538.100000038996 P35 67 4 0
15594.1000000392 P96 68 4 0
15718.10000003965 P23 69 4 0
16389.80000004199 P58 70 4 0
16600.00000003893 P39 71 4 0
16827.300000035622 P88 72 4 0
16859.600000035152 P77 73 4 0
17086.100000031856 P16 74 4 0
17378.300000027604 P13 75 4 0
17486.200000026034 P24 76 4 0
17509.500000025695 P6 77 4 0
19256.10000000028 P19 78 4 0
19584.4999999955 P5 79 4 0
22043.19999995972 P28 80 4 0
22111.19999995873 P84 81 4 0
24632.59999992204 P14 82 4 0
25211.19999991362 P97 83 4 0
25772.199999905457 P32 84 4 0
28536.299999865234 P9 85 4 0
28671.89999986326 P72 86 4 0
0.7 P32 1 0 0
184.19999999999382 P29 2 0 0
1082.6000000001109 P4 3 1 0
1092.0000000001023 P72 4 1 0
1451.3999999997754 P83 5 1 0
2288.699999999014 P52 6 1 1
2362.099999998947 P87 7 1 1
2514.4999999988086 P63 8 2 0
2516.099999998807 P98 9 2 0
2519.399999998804 P74 10 2 0
2534.1999999987906 P12 11 2 0
2874.2999999984813 P65 12 2 0
2950.399999998412 P18 13 2 0
3204.699999998181 P56 14 2 0
3399.099999998004 P23 15 2 2
3415.799999997989 P97 16 2 2
3560.599999997857 P71 17 2 2
3792.3999999976463 P86 18 3 1
4045.2999999974163 P36 19 4 0
4533.799999998962 P66 20 4 0
4652.399999999394 P21 21 4 0
4688.899999999527 P47 22 4 0
4840.400000000078 P68 23 4 0
5158.700000001236 P50 24 4 0
5366.10000000199 P30 25 4 0
5639.600000002985 P93 26 4 0
5728.400000003308 P44 27 4 0
5911.5000000039745 P75 28 4 0
5933.5000000040545 P90 29 4 0
5983.100000004235 P25 30 4 0
6273.600000005292 P42 31 4 0
6367.500000005633 P57 32 4 0
6515.900000006173 P85 33 4 0
6709.500000006878 P6 34 4 0
6749.6000000070235 P92 35 4 0
7023.1000000080185 P10 36 4 0
7284.900000008971 P40 37 4 0
7318.100000009092 P59 38 4 0
7601.900000010124 P76 39 4 0
8598.200000013749 P1 40 4 0
9065.500000015449 P3 41 4 0
10276.200000019853 P67 42 4 0
10623.600000021117 P5 43 4 0
11003.400000022499 P28 44 4 0
11113.7000000229 P15 45 4 0
11233.000000023334 P14 46 4 0
11243.700000023373 P62 47 4 0
11262.00000002344 P26 48 4 0
11311.200000023618 P43 49 4 0
11342.300000023732 P49 50 4 0
11401.600000023947 P51 51 4 0
11403.100000023953 P17 52 4 0
11549.000000024484 P27 53 4 0
12265.50000002709 P0 54 4 0
12335.300000027344 P19 55 4 0
12654.200000028504 P16 56 4 0
13184.200000030432 P13 57 4 0
13364.100000031087 P78 58 4 0
13697.4000000323 P22 59 4 0
13803.100000032684 P7 60 4 0
13840.40000003282 P79 61 4 0
13842.800000032828 P70 62 4 0
13878.100000032957 P24 63 4 0
13926.800000033134 P35 64 4 0
14279.600000034417 P11 65 4 0
14303.200000034503 P9 66 4 0
14319.300000034562 P33 67 4 0
14551.200000035406 P61 68 4 0
16418.900000041565 P88 69 4 0
17945.000000019358 P20 70 4 0
18980.900000004283 P34 71 4 0
19026.60000000362 P64 72 4 0
19041.400000003403 P41 73 4 0
19716.39999999358 P82 74 4 0
19885.49999999112 P37 75 4 0
22761.599999949267 P39 76 4 0
23786.79999993435 P55 77 4 0
24722.499999920732 P58 78 4 0
26196.499999899283 P99 79 4 0
28475.799999866114 P89 80 4 0
1400.8999999998214 P75 1 0 0
2373.8999999989364 P96 2 0 0
3571.9999999978468 P68 3 1 0
3668.299999997759 P31 4 1 1
3735.799999997698 P76 5 1 2
3895.899999997552 P20 6 1 2
4041.9999999974193 P88 7 1 2
4318.59999999818 P14 8 2 1
4337.599999998249 P5 9 2 1
4728.19999999967 P69 10 3 0
5881.100000003864 P30 11 3 1
5896.200000003919 P17 12 3 1
5909.000000003965 P90 13 3 1
5949.600000004113 P41 14 3 1
5982.400000004232 P32 15 3 1
6294.100000005366 P83 16 3 1
6367.100000005632 P78 17 4 0
6381.100000005683 P27 18 4 0
6382.300000005687 P74 19 4 0
6539.80000000626 P52 20 4 0
6543.900000006275 P80 21 4 0
6569.400000006368 P51 22 4 0
6611.20000000652 P73 23 4 0
6642.600000006634 P29 24 4 0
6675.500000006754 P21 25 4 0
6689.600000006805 P65 26 4 0
6734.400000006968 P53 27 4 0
6799.300000007204 P37 28 4 0
6843.200000007364 P85 29 4 0
6898.900000007567 P26 30 4 0
6945.800000007737 P15 31 4 0
7116.90000000836 P3 32 4 0
7266.500000008904 P61 33 4 0
7274.700000008934 P99 34 4 0
7326.3000000091215 P97 35 4 0
7420.600000009465 P13 36 4 0
7734.200000010605 P38 37 4 0
8109.20000001197 P54 38 4 0
8241.20000001245 P98 39 4 0
8290.000000012627 P25 40 4 0
8295.000000012646 P24 41 4 0
8607.700000013783 P19 42 4 0
8608.000000013784 P8 43 4 0
8753.300000014313 P72 44 4 0
9083.500000015514 P87 45 4 0
9170.30000001583 P46 46 4 0
9401.900000016672 P10 47 4 0
10068.100000019096 P39 48 4 0
10287.000000019892 P28 49 4 0
10803.700000021772 P40 50 4 0
11082.000000022785 P33 51 4 0
11109.000000022883 P18 52 4 0
11115.300000022906 P55 53 4 0
11157.100000023058 P49 54 4 0
11222.200000023295 P47 55 4 0
11381.100000023873 P89 56 4 0
11731.800000025149 P60 57 4 0
12493.900000027921 P70 58 4 0
12701.200000028675 P50 59 4 0
12856.700000029241 P12 60 4 0
12877.700000029317 P57 61 4 0
12996.50000002975 P45 62 4 0
13044.000000029922 P58 63 4 0
13535.50000003171 P63 64 4 0
14292.500000034464 P34 65 4 0
14408.800000034887 P86 66 4 0
14472.50000003512 P1 67 4 0
17237.70000002965 P43 68 4 0
21742.699999964094 P48 69 4 0
22042.899999959725 P79 70 4 0
22817.599999948452 P64 71 4 0
23068.399999944802 P6 72 4 0
23257.999999942043 P81 73 4 0
23608.999999936936 P9 74 4 0
23670.699999936038 P94 75 4 0
92.39999999999903 P26 1 0 0
362.900000000014 P42 2 0 0
883.1000000001322 P56 3 0 0
962.7000000001503 P8 4 0 0
1007.3000000001605 P17 5 0 0
1768.1999999994873 P55 6 0 0
1906.2999999993617 P16 7 0 0
3050.9999999983206 P88 8 0 0
7083.200000008237 P48 9 1 3
7644.000000010277 P4 10 2 2
8349.800000012845 P49 11 3 1
8498.900000013387 P35 12 4 0
8511.600000013434 P62 13 4 0
8512.500000013437 P96 14 4 0
8584.000000013697 P92 15 4 0
9228.700000016042 P44 16 4 0
9650.800000017578 P28 17 4 0
9741.400000017908 P52 18 4 0
9760.200000017976 P0 19 4 0
9844.800000018284 P87 20 4 0
9916.400000018544 P59 21 4 0
9956.800000018691 P63 22 4 0
11114.800000022904 P30 23 4 0
11178.200000023135 P97 24 4 0
11469.300000024194 P7 25 4 0
11711.400000025074 P84 26 4 0
11909.500000025795 P47 27 4 0
11924.50000002585 P18 28 4 0
11972.400000026024 P77 29 4 0
11985.500000026072 P24 30 4 0
12012.900000026171 P82 31 4 0
12112.300000026533 P99 32 4 0
12129.600000026596 P51 33 4 0
12228.100000026954 P25 34 4 0
12284.100000027158 P19 35 4 0
12315.200000027271 P57 36 4 0
12326.00000002731 P71 37 4 0
12453.800000027775 P95 38 4 0
12707.000000028696 P85 39 4 0
12754.400000028869 P12 40 4 0
12776.000000028947 P69 41 4 0
12938.500000029539 P38 42 4 0
14582.400000035519 P13 43 4 0
15265.300000038003 P61 44 4 0
15798.900000039945 P21 45 4 0
15822.700000040031 P2 46 4 0
15837.400000040085 P80 47 4 0
16001.600000040682 P29 48 4 0
16773.400000036407 P58 49 4 0
17032.90000003263 P66 50 4 0
17117.000000031407 P98 51 4 0
17203.600000030146 P60 52 4 0
17337.100000028204 P15 53 4 0
17346.30000002807 P6 54 4 0
17440.5000000267 P11 55 4 0
17462.600000026378 P81 56 4 0
17667.3000000234 P93 57 4 0
17669.600000023365 P31 58 4 0
17818.000000021206 P70 59 4 0
17829.700000021036 P94 60 4 0
18185.500000015858 P54 61 4 0
18244.400000015 P41 62 4 0
18365.30000001324 P83 63 4 0
19029.400000003578 P79 64 4 0
19251.20000000035 P9 65 4 0
19301.099999999624 P32 66 4 0
19480.09999999702 P78 67 4 0
19627.89999999487 P20 68 4 0
20123.499999987656 P72 69 4 0
20216.299999986306 P75 70 4 0
20258.999999985685 P1 71 4 0
21199.899999971993 P40 72 4 0
21585.099999966387 P22 73 4 0
23471.89999993893 P36 74 4 0
24155.69999992898 P37 75 4 0
24291.399999927005 P14 76 4 0
25774.599999905422 P89 77 4 0
28257.399999869293 P33 78 4 0
174.1999999999944 P2 1 0 0
180.29999999999404 P18 2 0 0
283.0999999999959 P34 3 0 0
343.0000000000095 P62 4 0 0
1087.6000000001063 P71 5 0 0
2266.8999999990338 P75 6 1 0
2528.9999999987954 P53 7 1 0
2605.499999998726 P43 8 1 0
3421.5999999979836 P49 9 1 0
3857.799999997587 P7 10 1 0
3910.7999999975386 P57 11 1 1
4090.9999999973747 P50 12 1 1
4105.799999997405 P78 13 1 1
4252.099999997938 P47 14 1 1
4270.699999998005 P73 15 1 1
4296.6999999981 P59 16 1 1
4619.099999999273 P6 17 2 0
5389.100000002074 P64 18 2 0
5768.500000003454 P30 19 2 1
5822.700000003651 P85 20 2 1
5856.300000003774 P52 21 2 1
6092.800000004634 P63 22 3 0
6334.900000005515 P36 23 3 0
6438.600000005892 P1 24 3 0
6480.200000006043 P88 25 3 0
6620.700000006555 P93 26 3 0
6644.10000000664 P84 27 3 0
6744.200000007004 P12 28 3 0
7060.0 P80 29 3 1
7342.900000009182 P42 30 3 1
8819.100000014552 P76 31 4 0
8857.700000014693 P4 32 4 0
8985.700000015158 P61 33 4 0
9027.30000001531 P25 34 4 0
9208.300000015968 P28 35 4 0
9228.600000016042 P33 36 4 0
9409.6000000167 P26 37 4 0
9675.000000017666 P67 38 4 0
9728.700000017861 P92 39 4 0
9761.800000017982 P21 40 4 0
9865.90000001836 P51 41 4 0
9877.400000018402 P17 42 4 0
9891.200000018453 P97 43 4 0
9974.000000018754 P94 44 4 0
9979.400000018773 P48 45 4 0
10063.300000019079 P99 46 4 0
10064.900000019084 P68 47 4 0
10087.000000019165 P95 48 4 0
10087.500000019167 P16 49 4 0
10254.800000019775 P72 50 4 0
10358.200000020151 P83 51 4 0
10512.900000020714 P56 52 4 0
10872.200000022021 P98 53 4 0
10888.10000002208 P54 54 4 0
11295.700000023562 P60 55 4 0
13219.000000030559 P79 56 4 0
13250.800000030675 P13 57 4 0
13573.90000003185 P35 58 4 0
13788.600000032631 P38 59 4 0
13866.800000032916 P58 60 4 0
14096.00000003375 P11 61 4 0
14905.100000036693 P24 62 4 0
14915.900000036732 P91 63 4 0
15150.100000037584 P9 64 4 0
15182.1000000377 P19 65 4 0
16616.50000003869 P32 66 4 0
16617.30000003868 P3 67 4 0
16894.20000003465 P37 68 4 0
19351.699999998888 P46 69 4 0
19773.299999992752 P81 70 4 0
19999.299999989464 P87 71 4 0
20568.299999981184 P22 72 4 0
21890.79999996194 P55 73 4 0
22245.19999995678 P77 74 4 0
22599.29999995163 P90 75 4 0
23000.199999945795 P15 76 4 0
23450.999999939235 P27 77 4 0
23573.199999937457 P89 78 4 0
23654.09999993628 P96 79 4 0
23756.899999934783 P74 80 4 0
23888.899999932863 P14 81 4 0
26541.099999894268 P66 82 4 0
26826.09999989012 P82 83 4 0
28062.99999987212 P29 84 4 0
132.99999999999673 P69 1 0 0
2099.8999999991856 P85 2 0 0
2274.499999999027 P79 3 0 0
4031.5999999974288 P1 4 2 0
4635.699999999333 P47 5 2 1
5092.700000000996 P77 6 2 1
5346.500000001919 P14 7 3 1
5364.100000001983 P29 8 3 1
5659.100000003056 P62 9 3 1
5659.300000003057 P67 10 3 1
5714.500000003258 P10 11 3 1
5781.800000003503 P13 12 4 0
5783.100000003507 P43 13 4 0
5921.900000004012 P26 14 4 0
5996.900000004285 P7 15 4 0
6002.2000000043045 P44 16 4 0
6003.500000004309 P52 17 4 0
6017.900000004362 P16 18 4 0
6160.50000000488 P4 19 4 0
6171.900000004922 P38 20 4 0
6183.600000004964 P70 21 4 0
6298.000000005381 P57 22 4 0
6318.200000005454 P46 23 4 0
6363.4000000056185 P75 24 4 0
6493.500000006092 P97 25 4 0
6521.300000006193 P8 26 4 0
6567.9000000063625 P53 27 4 0
6630.000000006588 P51 28 4 0
6651.800000006668 P87 29 4 0
6742.800000006999 P74 30 4 0
6893.500000007547 P78 31 4 0
6908.300000007601 P36 32 4 0
6976.90000000785 P72 33 4 0
7292.600000008999 P6 34 4 0
7652.3000000103075 P76 35 4 0
7749.10000001066 P89 36 4 0
7772.000000010743 P23 37 4 0
7819.200000010915 P39 38 4 0
7886.5000000111595 P95 39 4 0
7900.200000011209 P12 40 4 0
7949.400000011388 P19 41 4 0
7968.300000011457 P59 42 4 0
8025.200000011664 P21 43 4 0
8048.4000000117485 P98 44 4 0
8058.500000011785 P48 45 4 0
8127.000000012034 P88 46 4 0
8170.000000012191 P60 47 4 0
8202.300000012308 P83 48 4 0
8204.800000012317 P65 49 4 0
8246.100000012468 P86 50 4 0
8266.300000012541 P17 51 4 0
8282.7000000126 P28 52 4 0
8306.600000012688 P92 53 4 0
8317.300000012727 P34 54 4 0
8329.500000012771 P99 55 4 0
8332.700000012783 P81 56 4 0
8419.100000013097 P58 57 4 0
8518.80000001346 P42 58 4 0
8639.300000013898 P5 59 4 0
8673.400000014022 P93 60 4 0
8710.500000014157 P33 61 4 0
8808.600000014514 P68 62 4 0
8980.300000015139 P50 63 4 0
8985.90000001516 P71 64 4 0
8993.300000015186 P18 65 4 0
9103.400000015587 P45 66 4 0
9256.500000016144 P22 67 4 0
9492.900000017004 P56 68 4 0
9747.40000001793 P55 69 4 0
9787.000000018073 P94 70 4 0
10133.100000019333 P2 71 4 0
10242.30000001973 P91 72 4 0
10845.400000021924 P40 73 4 0
11473.500000024209 P96 74 4 0
11552.800000024497 P31 75 4 0
11813.300000025445 P20 76 4 0
11966.900000026004 P24 77 4 0
11971.000000026019 P84 78 4 0
12952.70000002959 P15 79 4 0
12995.500000029746 P41 80 4 0
13167.00000003037 P27 81 4 0
14076.80000003368 P64 82 4 0
14658.400000035796 P66 83 4 0
14785.200000036257 P54 84 4 0
16156.100000041244 P32 85 4 0
17842.100000020855 P35 86 4 0
20340.3999999845 P82 87 4 0
20508.09999998206 P3 88 4 0
23654.299999936276 P61 89 4 0
27463.89999988084 P63 90 4 0
637.7000000000764 P73 1 0 0
948.5000000001471 P43 2 0 0
2528.6999999987956 P64 3 0 0
3029.3999999983403 P37 4 0 2
3816.3999999976245 P59 5 2 1
3968.599999997486 P47 6 2 1
4058.4999999974043 P29 7 3 0
4338.499999998252 P45 8 3 0
4910.0 P35 9 3 0
4968.700000000545 P69 10 3 0
4987.000000000611 P55 11 3 0
5113.700000001072 P62 12 3 0
5152.900000001215 P20 13 3 0
5273.300000001653 P5 14 3 0
5316.200000001809 P92 15 3 0
5340.500000001897 P19 16 3 0
5386.900000002066 P91 17 3 0
5565.400000002715 P6 18 3 0
5585.90000000279 P33 19 3 1
5692.200000003177 P98 20 3 1
5803.2000000035805 P66 21 3 1
5881.100000003864 P99 22 3 1
5958.600000004146 P51 23 3 1
6014.400000004349 P49 24 3 1
6029.400000004403 P9 25 3 1
6112.200000004705 P80 26 4 0
6147.000000004831 P54 27 4 0
6178.600000004946 P18 28 4 0
6675.800000006755 P46 29 4 0
6968.900000007821 P57 30 4 0
8470.500000013284 P85 31 4 0
8523.900000013478 P97 32 4 0
9161.400000015798 P42 33 4 0
9346.500000016471 P4 34 4 0
9382.600000016602 P70 35 4 0
9398.800000016661 P38 36 4 0
11165.500000023088 P68 37 4 0
11260.300000023433 P77 38 4 0
11511.000000024345 P96 39 4 0
11621.100000024746 P67 40 4 0
11950.100000025943 P44 41 4 0
11961.400000025984 P84 42 4 0
12583.800000028248 P17 43 4 0
13197.30000003048 P34 44 4 0
13585.00000003189 P28 45 4 0
14317.600000034556 P63 46 4 0
14393.10000003483 P14 47 4 0
14536.10000003535 P76 48 4 0
14552.700000035411 P31 49 4 0
14615.100000035638 P52 50 4 0
14824.4000000364 P24 51 4 0
17614.800000024163 P0 52 4 0
18492.50000001139 P22 53 4 0
18851.800000006162 P30 54 4 0
19528.499999996315 P2 55 4 0
19671.499999994234 P71 56 4 0
19836.299999991836 P39 57 4 0
20008.799999989325 P36 58 4 0
20816.59999997757 P13 59 4 0
22230.89999995699 P72 60 4 0
23503.099999938477 P89 61 4 0
23684.19999993584 P25 62 4 0
24024.199999930894 P12 63 4 0
24490.799999924104 P83 64 4 0
24829.499999919175 P32 65 4 0
25143.09999991461 P21 66 4 0
25633.09999990748 P3 67 4 0
25733.39999990602 P61 68 4 0
26206.799999899133 P65 69 4 0
27185.899999884885 P90 70 4 0
27547.299999879626 P60 71 4 0
28035.399999872523 P74 72 4 0
0.5 P13 1 0 0
320.1000000000043 P53 2 0 0
930.9000000001431 P30 3 0 0
1395.899999999826 P50 4 0 0
1452.4999999997744 P23 5 0 0
3007.1999999983605 P78 6 2 0
3013.8999999983544 P4 7 2 0
4099.299999997382 P12 8 2 1
4134.59999999751 P76 9 2 1
4207.999999997777 P37 10 2 1
4251.199999997934 P44 11 2 1
4280.499999998041 P27 12 2 1
4285.79999999806 P69 13 2 1
4589.699999999166 P6 14 3 0
4998.200000000652 P49 15 3 0
5194.100000001365 P92 16 3 0
5274.6000000016575 P61 17 3 0
5370.900000002008 P54 18 3 0
5439.300000002257 P63 19 3 0
5471.800000002375 P89 20 3 0
5619.500000002912 P15 21 3 0
5657.50000000305 P38 22 3 0
5788.100000003526 P16 23 3 0
5789.40000000353 P47 24 3 0
5790.300000003534 P64 25 3 0
5822.800000003652 P36 26 3 0
5832.300000003686 P57 27 3 0
5889.5000000038945 P43 28 3 0
6063.400000004527 P70 29 3 0
6509.50000000615 P8 30 3 0
6565.000000006352 P68 31 3 0
6791.1000000071745 P91 32 3 0
6879.400000007496 P58 33 3 0
7810.200000010882 P95 34 3 1
7844.200000011006 P52 35 3 1
8677.900000014039 P80 36 4 0
8864.200000014716 P48 37 4 0
9362.200000016528 P88 38 4 0
9781.100000018052 P87 39 4 0
9797.900000018113 P62 40 4 0
9907.600000018512 P25 41 4 0
9987.100000018801 P29 42 4 0
10092.600000019185 P66 43 4 0
10119.200000019282 P3 44 4 0
10133.300000019333 P0 45 4 0
10190.20000001954 P59 46 4 0
10217.40000001964 P17 47 4 0
10272.200000019839 P10 48 4 0
10356.200000020144 P74 49 4 0
10613.100000021079 P1 50 4 0
10785.400000021706 P79 51 4 0
10837.700000021896 P60 52 4 0
10923.90000002221 P84 53 4 0
10963.900000022355 P65 54 4 0
11106.700000022875 P18 55 4 0
11123.300000022935 P14 56 4 0
11154.400000023048 P34 57 4 0
11243.10000002337 P82 58 4 0
12188.70000002681 P56 59 4 0
12819.800000029107 P28 60 4 0
13086.000000030075 P20 61 4 0
13115.500000030182 P26 62 4 0
13254.500000030688 P35 63 4 0
13778.500000032594 P72 64 4 0
14410.900000034895 P46 65 4 0
14997.100000037028 P2 66 4 0
16098.000000041033 P31 67 4 0
16275.100000041677 P33 68 4 0
16468.80000004084 P90 69 4 0
16773.500000036405 P55 70 4 0
16840.200000035435 P81 71 4 0
16899.200000034576 P86 72 4 0
18358.700000013338 P42 73 4 0
19458.69999999733 P73 74 4 0
20511.799999982006 P41 75 4 0
20594.299999980805 P40 76 4 0
20797.699999977845 P97 77 4 0
21250.89999997125 P7 78 4 0
21340.799999969942 P39 79 4 0
21413.19999996889 P5 80 4 0
24481.49999992424 P32 81 4 0
25311.49999991216 P51 82 4 0
25430.099999910435 P71 83 4 0
26329.099999897353 P11 84 4 0
26401.299999896302 P85 85 4 0
27363.399999882302 P75 86 4 0
28537.399999865218 P24 87 4 0
28647.499999863616 P19 88 4 0
726.4000000000966 P53 1 0 0
759.7000000001042 P58 2 0 0
1424.4999999998 P9 3 0 0
3545.8999999978705 P78 4 1 2
3619.899999997803 P23 5 2 1
4160.099999997603 P11 6 3 0
4327.399999998212 P26 7 3 0
4860.1000000001495 P2 8 3 0
4860.400000000151 P85 9 3 0
4917.600000000359 P30 10 3 0
4991.500000000628 P64 11 3 0
5043.100000000815 P57 12 3 0
5083.3000000009615 P99 13 3 0
5137.300000001158 P79 14 3 1
5144.100000001183 P27 15 3 1
5171.8000000012835 P84 16 3 1
5184.70000000133 P39 17 3 1
5247.200000001558 P98 18 3 1
5300.700000001752 P35 19 3 1
5312.300000001795 P96 20 3 1
5337.900000001888 P69 21 3 1
5444.900000002277 P51 22 3 1
5478.3000000023985 P59 23 3 1
5483.600000002418 P22 24 3 1
5520.700000002553 P89 25 3 1
5564.6000000027125 P6 26 3 1
5564.700000002713 P3 27 3 1
5740.400000003352 P55 28 4 0
5802.1000000035765 P60 29 4 0
5865.200000003806 P75 30 4 0
5888.000000003889 P34 31 4 0
5896.000000003918 P5 32 4 0
5926.9000000040305 P42 33 4 0
5994.500000004276 P65 34 4 0
6014.900000004351 P38 35 4 0
6332.100000005505 P16 36 4 0
6361.900000005613 P19 37 4 0
6762.000000007069 P62 38 4 0
7123.700000008384 P40 39 4 0
7202.20000000867 P10 40 4 0
7221.700000008741 P12 41 4 0
7286.200000008976 P0 42 4 0
7522.0000000098335 P82 43 4 0
7534.300000009878 P43 44 4 0
7536.400000009886 P63 45 4 0
7702.100000010489 P67 46 4 0
7716.500000010541 P7 47 4 0
7732.200000010598 P76 48 4 0
7771.20000001074 P49 49 4 0
7851.300000011031 P25 50 4 0
7997.0000000115615 P18 51 4 0
8078.1000000118565 P72 52 4 0
8183.300000012239 P17 53 4 0
8229.700000012408 P93 54 4 0
8282.200000012599 P8 55 4 0
8308.000000012693 P29 56 4 0
8317.500000012727 P97 57 4 0
8357.700000012874 P47 58 4 0
8361.600000012888 P83 59 4 0
8414.60000001308 P24 60 4 0
8601.10000001376 P37 61 4 0
8632.500000013873 P48 62 4 0
8729.600000014227 P46 63 4 0
8866.000000014723 P70 64 4 0
8890.300000014811 P1 65 4 0
8922.400000014928 P90 66 4 0
8944.600000015009 P87 67 4 0
9504.100000017044 P73 68 4 0
9887.60000001844 P88 69 4 0
9894.500000018465 P45 70 4 0
10024.700000018938 P61 71 4 0
10241.500000019727 P74 72 4 0
11236.600000023347 P41 73 4 0
12303.90000002723 P56 74 4 0
12476.700000027859 P94 75 4 0
12664.500000028542 P92 76 4 0
13738.90000003245 P71 77 4 0
13978.300000033321 P4 78 4 0
14203.50000003414 P21 79 4 0
14430.100000034965 P81 80 4 0
14535.500000035348 P77 81 4 0
15893.500000040289 P13 82 4 0
16172.000000041302 P28 83 4 0
16230.700000041516 P33 84 4 0
16646.00000003826 P31 85 4 0
17349.300000028026 P80 86 4 0
18700.200000008368 P86 87 4 0
20939.799999975778 P95 88 4 0
23330.099999940994 P52 89 4 0
28717.89999986259 P68 90 4 0
1033.5000000001555 P99 1 0 2
1084.5000000001091 P43 2 0 2
1135.8000000000625 P21 3 0 2
1154.4000000000456 P87 4 0 2
1158.6000000000417 P4 5 0 2
1175.900000000026 P8 6 0 2
1287.1999999999248 P13 7 0 2
1370.0999999998494 P84 8 0 2
1390.8999999998305 P64 9 0 2
1392.499999999829 P77 10 0 2
1489.8999999997404 P32 11 1 1
1601.7999999996387 P94 12 1 1
1736.1999999995164 P14 13 2 0
1748.9999999995048 P29 14 2 0
1886.09999999938 P33 15 2 0
2048.899999999232 P66 16 2 0
2100.9999999991846 P17 17 2 0
2110.699999999176 P5 18 2 0
2143.9999999991455 P93 19 2 0
2153.7999999991366 P97 20 2 0
2223.699999999073 P19 21 2 0
2290.0999999990127 P55 22 2 0
2554.1999999987725 P39 23 2 0
2700.999999998639 P7 24 2 0
2748.299999998596 P63 25 2 0
3073.9999999982997 P16 26 2 0
3150.59999999823 P0 27 2 0
3743.499999997691 P83 28 2 0
3794.999999997644 P15 29 2 0
3861.099999997584 P76 30 2 0
4357.799999998322 P54 31 2 0
4383.899999998417 P26 32 2 0
5506.400000002501 P20 33 2 0
5522.400000002559 P30 34 2 1
5604.500000002858 P51 35 2 1
5747.4000000033775 P67 36 2 1
5853.600000003764 P48 37 2 1
5901.6000000039385 P89 38 2 1
5973.700000004201 P23 39 3 0
6242.000000005177 P1 40 3 0
6762.100000007069 P52 41 3 0
7118.600000008366 P10 42 3 1
7212.000000008706 P44 43 3 1
7384.400000009333 P34 44 3 1
7595.100000010099 P56 45 4 0
8377.300000012945 P72 46 4 0
8440.600000013175 P75 47 4 0
8469.50000001328 P24 48 4 0
8470.100000013283 P36 49 4 0
8533.100000013512 P12 50 4 0
8554.40000001359 P71 51 4 0
8607.00000001378 P46 52 4 0
8689.50000001408 P73 53 4 0
8719.40000001419 P74 54 4 0
8807.100000014509 P82 55 4 0
9216.900000016 P6 56 4 0
9503.10000001704 P25 57 4 0
9774.200000018027 P86 58 4 0
9824.000000018208 P98 59 4 0
9841.600000018272 P88 60 4 0
10532.600000020786 P53 61 4 0
11367.700000023824 P60 62 4 0
12268.700000027102 P61 63 4 0
12332.200000027333 P11 64 4 0
12351.200000027402 P18 65 4 0
12573.800000028212 P59 66 4 0
13066.400000030004 P42 67 4 0
13688.300000032266 P58 68 4 0
14291.40000003446 P96 69 4 0
14750.40000003613 P70 70 4 0
15207.200000037792 P45 71 4 0
15661.700000039446 P62 72 4 0
16830.30000003558 P38 73 4 0
17384.70000002751 P57 74 4 0
17717.50000002267 P22 75 4 0
17888.300000020183 P90 76 4 0
18175.500000016003 P9 77 4 0
20821.3999999775 P41 78 4 0
21108.79999997332 P95 79 4 0
21691.599999964837 P79 80 4 0
22106.699999958797 P47 81 4 0
22653.49999995084 P80 82 4 0
26785.59999989071 P68 83 4 0
