934.4000000001439 P12 1 0 0
3100.8999999982752 P23 2 2 0
4154.099999997581 P36 3 5 1
5058.900000000873 P15 4 6 0
5126.600000001119 P17 5 6 2
5199.200000001383 P4 6 6 2
5701.200000003209 P0 7 7 1
5704.00000000322 P33 8 7 2
5812.900000003616 P24 9 7 2
5905.300000003952 P37 10 7 2
6222.600000005106 P16 11 8 1
6282.500000005324 P22 12 8 3
6389.400000005713 P39 13 8 3
6690.5000000068085 P20 14 9 2
6781.200000007138 P40 15 9 2
7098.500000008293 P35 16 10 1
7504.50000000977 P8 17 10 2
7515.400000009809 P49 18 10 3
7564.500000009988 P27 19 11 2
7625.50000001021 P13 20 11 2
7645.000000010281 P29 21 11 2
8236.400000012432 P34 22 12 1
8294.500000012644 P25 23 12 1
8313.100000012711 P48 24 12 3
8467.100000013272 P47 25 12 4
8743.700000014278 P1 26 13 3
8932.600000014965 P44 27 13 3
8948.800000015024 P28 28 13 3
8976.100000015123 P45 29 13 3
9032.200000015328 P10 30 13 3
9036.700000015344 P7 31 13 3
9299.5000000163 P21 32 14 2
9399.700000016664 P14 33 14 2
9635.00000001752 P42 34 15 1
9754.100000017954 P38 35 15 1
9775.500000018032 P9 36 15 1
9785.200000018067 P6 37 15 1
10363.40000002017 P32 38 16 0
10548.400000020843 P18 39 16 0
10906.300000022145 P41 40 16 0
11461.000000024163 P30 41 16 0
11461.800000024166 P2 42 16 0
11589.500000024631 P26 43 16 0
11912.100000025805 P19 44 16 0
12668.500000028556 P3 45 16 0
12793.900000029013 P5 46 16 0
14563.40000003545 P43 47 16 0
17282.600000028997 P11 48 16 0
17809.700000021327 P46 49 16 0
18662.100000008923 P31 50 16 0
0.7999999999999999 P40 1 0 0
671.7000000000842 P7 2 0 0
2275.0999999990263 P42 3 1 0
2330.6999999989757 P1 4 1 0
2792.7999999985554 P2 5 1 0
3323.8999999980724 P0 6 1 5
3444.9999999979623 P32 7 1 5
4175.599999997659 P16 8 3 4
5029.300000000765 P21 9 6 1
5379.300000002038 P22 10 6 4
5714.000000003256 P11 11 7 4
5932.600000004051 P28 12 8 3
6021.800000004376 P41 13 8 3
6099.8000000046595 P20 14 9 2
6229.10000000513 P27 15 9 2
6336.800000005522 P31 16 9 2
6354.800000005587 P44 17 9 2
6447.700000005925 P14 18 9 2
6581.500000006412 P24 19 10 1
6612.100000006523 P25 20 10 1
6681.900000006777 P10 21 10 3
6683.100000006782 P33 22 10 3
6686.700000006795 P5 23 10 3
6734.90000000697 P39 24 10 3
7238.500000008802 P43 25 11 2
7332.500000009144 P30 26 11 2
7366.100000009266 P38 27 11 2
7892.500000011181 P15 28 12 1
7972.900000011474 P13 29 12 1
8173.400000012203 P26 30 13 1
8465.000000013264 P45 31 14 0
8582.500000013692 P17 32 14 1
8659.300000013971 P23 33 14 1
8705.000000014137 P18 34 14 1
8729.200000014225 P6 35 14 1
8929.200000014953 P34 36 15 0
9048.100000015385 P12 37 15 0
9059.100000015425 P49 38 15 0
9723.800000017844 P29 39 15 0
9825.800000018215 P48 40 15 0
11704.300000025049 P36 41 15 0
12500.400000027945 P46 42 15 0
12526.50000002804 P37 43 15 0
13646.800000032115 P35 44 15 0
13840.60000003282 P8 45 15 0
14438.500000034996 P3 46 15 1
20648.399999980018 P47 47 16 0
20657.09999997989 P4 48 16 0
24537.399999923426 P9 49 16 0
24684.09999992129 P19 50 16 0
0.4 P38 1 0 0
4269.899999998002 P48 2 1 0
4901.300000000299 P3 3 2 0
6036.70000000443 P19 4 2 4
7943.600000011367 P46 5 6 5
8232.600000012419 P34 6 6 5
8296.900000012653 P8 7 6 6
8353.80000001286 P1 8 6 6
8360.800000012885 P22 9 6 6
8461.20000001325 P45 10 7 5
8554.200000013589 P6 11 7 5
8834.000000014606 P43 12 7 5
8935.400000014975 P49 13 7 6
8963.500000015078 P2 14 7 6
8980.60000001514 P15 15 8 5
9247.30000001611 P33 16 8 5
9363.400000016532 P20 17 8 5
9681.900000017691 P28 18 9 4
9892.000000018455 P7 19 9 4
10360.70000002016 P31 20 10 3
10556.500000020873 P40 21 11 2
10572.900000020933 P16 22 11 2
10602.30000002104 P41 23 11 2
10649.500000021211 P14 24 11 2
10818.300000021825 P42 25 11 2
10878.900000022046 P44 26 12 1
10898.300000022116 P4 27 12 1
11065.300000022724 P24 28 12 1
11245.40000002338 P27 29 12 1
11305.500000023598 P39 30 12 1
11508.200000024335 P36 31 13 3
11564.40000002454 P13 32 13 3
11617.800000024734 P23 33 13 3
11750.0 P26 34 13 3
11750.600000025217 P30 35 13 3
12192.500000026825 P17 36 14 2
12615.700000028364 P11 37 15 1
12876.200000029312 P12 38 15 1
13386.80000003117 P47 39 16 0
13805.400000032692 P32 40 16 0
14084.100000033706 P18 41 16 0
14102.700000033774 P29 42 16 0
14359.200000034707 P10 43 16 0
14361.800000034717 P25 44 16 0
14701.900000035954 P9 45 16 0
14732.000000036063 P5 46 16 0
15002.100000037046 P0 47 16 0
18036.000000018033 P21 48 16 0
20603.199999980676 P37 49 16 0
21055.79999997409 P35 50 16 0
145.59999999999602 P32 1 0 0
1784.5999999994724 P18 2 2 1
1953.6999999993186 P33 3 3 0
1962.8999999993102 P34 4 3 0
2086.199999999198 P35 5 3 0
2237.4999999990605 P5 6 3 0
2249.09999999905 P23 7 3 0
2338.6999999989685 P0 8 3 0
3226.9999999981605 P47 9 3 0
3835.2999999976073 P25 10 4 2
4112.199999997429 P40 11 4 2
4729.599999999675 P37 12 5 7
4737.299999999703 P22 13 5 7
5104.300000001038 P3 14 6 6
5550.000000002659 P36 15 8 5
5557.700000002687 P2 16 8 5
6150.900000004845 P8 17 10 3
6648.500000006656 P42 18 11 2
6710.800000006882 P28 19 11 2
7070.000000008189 P49 20 12 1
7094.600000008279 P39 21 12 1
7137.500000008435 P43 22 12 1
7175.900000008574 P44 23 12 1
7623.700000010203 P11 24 13 0
7851.200000011031 P21 25 13 1
8160.100000012155 P27 26 13 1
8341.700000012816 P1 27 13 2
8568.50000001364 P10 28 14 1
8741.900000014271 P12 29 14 1
8842.900000014639 P15 30 14 1
8958.200000015058 P6 31 14 1
8976.400000015125 P9 32 15 0
9171.500000015834 P14 33 15 0
9255.100000016138 P19 34 15 0
9622.000000017473 P26 35 15 0
9951.500000018672 P17 36 15 0
10670.600000021288 P13 37 15 0
10874.200000022029 P48 38 15 0
10909.100000022156 P24 39 15 0
11098.100000022843 P41 40 15 0
11110.700000022889 P45 41 15 0
11605.60000002469 P31 42 15 0
11981.600000026057 P20 43 15 0
12602.500000028316 P38 44 15 0
12905.600000029419 P16 45 15 0
13318.20000003092 P29 46 15 0
13471.600000031478 P4 47 15 0
13766.40000003255 P30 48 15 0
14894.400000036654 P46 49 15 0
22457.499999953692 P7 50 15 0
1146.9000000000524 P6 1 0 0
1525.1999999997083 P33 2 1 0
1980.699999999294 P35 3 1 1
3993.899999997463 P46 4 2 0
4131.8999999975 P11 5 2 1
4852.00000000012 P4 6 3 5
5425.8000000022075 P13 7 4 4
5690.800000003172 P20 8 5 3
6748.100000007018 P2 9 7 1
6820.8000000072825 P23 10 8 0
7372.100000009288 P1 11 8 0
7632.400000010235 P37 12 8 0
7789.300000010806 P0 13 8 0
8020.700000011648 P43 14 8 0
8071.200000011831 P48 15 8 5
8132.8000000120555 P30 16 8 5
8292.700000012637 P49 17 8 6
8494.10000001337 P3 18 9 5
8696.200000014105 P26 19 9 5
8737.200000014254 P31 20 9 5
8984.600000015154 P21 21 10 4
9331.700000016417 P7 22 11 3
9672.700000017658 P18 23 12 2
9783.000000018059 P36 24 12 2
9790.500000018086 P39 25 12 2
9825.100000018212 P41 26 12 3
9960.800000018706 P45 27 12 4
10245.700000019742 P28 28 13 3
10440.600000020451 P15 29 13 3
10679.800000021321 P19 30 14 2
10887.600000022077 P44 31 14 2
11162.400000023077 P10 32 14 2
11172.300000023113 P24 33 14 2
11248.000000023389 P42 34 14 2
11363.70000002381 P22 35 15 1
11773.900000025302 P8 36 15 1
11952.400000025951 P16 37 16 0
11994.700000026105 P40 38 16 0
12774.400000028942 P17 39 16 0
13100.0 P5 40 16 0
13150.40000003031 P9 41 16 0
13345.300000031018 P34 42 16 0
13475.500000031492 P25 43 16 0
13526.500000031678 P14 44 16 0
13853.800000032868 P38 45 16 0
14157.400000033973 P29 46 16 0
14749.400000036127 P12 47 16 0
14750.800000036132 P27 48 16 0
16915.100000034345 P47 49 16 0
18241.500000015043 P32 50 16 0
0.30000000000000004 P19 1 0 0
0.9999999999999999 P8 2 0 0
0.9999999999999999 P40 3 0 0
462.1000000000366 P23 4 0 1
2016.0999999992619 P24 5 1 0
2248.1999999990508 P46 6 1 2
4664.0999999994365 P47 7 3 0
5275.000000001659 P48 8 4 0
5393.300000002089 P5 9 4 3
6050.200000004479 P9 10 6 1
6333.400000005509 P17 11 6 2
6672.900000006744 P43 12 7 3
6955.5000000077725 P26 13 8 2
7160.700000008519 P37 14 8 3
7568.300000010002 P34 15 9 2
8056.600000011778 P27 16 10 3
8061.900000011798 P16 17 10 3
8075.000000011845 P2 18 10 3
8076.900000011852 P14 19 10 3
8086.900000011889 P15 20 10 3
8099.300000011934 P41 21 10 3
8215.000000012355 P28 22 11 2
8227.6000000124 P42 23 11 2
8391.800000012998 P25 24 11 2
8540.80000001354 P35 25 11 2
8618.900000013824 P12 26 11 2
8672.70000001402 P32 27 11 2
9016.800000015272 P7 28 12 1
9132.00000001569 P13 29 12 1
9172.000000015836 P39 30 12 1
9220.700000016013 P3 31 12 1
9932.300000018602 P0 32 13 0
9951.500000018672 P31 33 13 0
10036.00000001898 P29 34 13 0
10049.70000001903 P21 35 13 3
10413.800000020354 P11 36 14 2
10446.800000020474 P36 37 14 2
10484.700000020612 P18 38 14 2
10527.000000020766 P33 39 14 2
10822.30000002184 P4 40 14 2
10966.200000022363 P6 41 15 1
11139.800000022995 P38 42 15 1
11324.500000023667 P10 43 15 1
11418.000000024007 P49 44 15 1
11560.900000024527 P1 45 16 0
11567.900000024552 P20 46 16 0
11590.200000024633 P44 47 16 0
11982.600000026061 P30 48 16 0
25952.69999990283 P45 49 16 0
71.30000000000022 P37 1 0 0
335.5000000000078 P4 2 0 0
2095.3999999991897 P27 3 0 0
4191.5999999977175 P16 4 0 0
7610.700000010156 P1 5 0 3
8207.700000012328 P20 6 1 2
8666.600000013997 P2 7 3 9
9099.800000015573 P8 8 4 10
9567.600000017275 P33 9 5 9
9694.200000017736 P5 10 6 8
9742.700000017912 P12 11 6 8
9761.000000017979 P45 12 6 8
10736.90000002153 P24 13 8 6
10771.500000021655 P47 14 8 6
10887.300000022076 P42 15 9 5
10912.000000022166 P11 16 9 5
11192.300000023186 P26 17 9 5
11427.500000024042 P19 18 10 4
11450.100000024124 P48 19 10 4
11515.20000002436 P32 20 10 4
11534.40000002443 P22 21 10 5
11701.000000025037 P25 22 10 5
11709.000000025066 P31 23 10 5
11959.200000025976 P28 24 11 5
11999.400000026122 P30 25 11 5
12041.000000026273 P7 26 11 5
12042.200000026278 P15 27 11 5
12121.100000026565 P40 28 11 5
12262.400000027079 P3 29 11 5
12537.80000002808 P41 30 12 4
12768.50000002892 P44 31 12 4
12910.700000029437 P43 32 13 3
13098.600000030121 P36 33 13 3
13354.900000031053 P6 34 14 2
13682.500000032245 P13 35 15 1
13907.600000033064 P0 36 15 1
14576.600000035498 P10 37 16 0
14814.000000036362 P49 38 16 0
15029.600000037146 P35 39 16 0
15433.700000038616 P23 40 16 0
15455.200000038694 P21 41 16 0
15506.40000003888 P29 42 16 0
15781.10000003988 P46 43 16 0
16167.700000041286 P17 44 16 0
16621.600000038616 P39 45 16 0
17917.30000001976 P18 46 16 0
18152.500000016338 P9 47 16 0
19217.900000000835 P34 48 16 0
19304.999999999567 P14 49 16 0
21218.899999971716 P38 50 16 0
359.50000000001324 P3 1 0 0
381.4000000000182 P45 2 0 0
1209.2999999999956 P30 3 1 0
1807.3999999994517 P38 4 2 0
2313.999999998991 P2 5 2 0
3045.3999999983257 P13 6 2 0
4679.699999999493 P19 7 2 0
4909.60000000033 P15 8 2 0
5840.000000003714 P26 9 2 5
7964.000000011441 P14 10 7 2
7979.300000011497 P31 11 7 2
8063.000000011802 P4 12 7 2
8847.600000014656 P42 13 8 4
9264.400000016172 P49 14 9 3
9326.000000016396 P6 15 9 3
9450.70000001685 P22 16 9 3
9571.70000001729 P5 17 10 2
9775.800000018033 P18 18 10 2
10001.200000018853 P46 19 10 2
10007.900000018877 P29 20 10 2
10092.700000019186 P25 21 10 2
10213.100000019624 P37 22 11 1
10737.30000002153 P1 23 12 0
11130.10000002296 P11 24 12 0
11142.700000023005 P8 25 12 0
11204.20000002323 P23 26 12 0
11542.000000024458 P24 27 12 0
11717.800000025098 P20 28 12 0
12064.000000026357 P48 29 12 0
12290.20000002718 P39 30 12 0
12795.400000029018 P32 31 12 0
12818.300000029101 P43 32 12 0
13222.500000030572 P16 33 12 0
13841.700000032824 P7 34 12 0
14059.200000033616 P34 35 12 0
14743.100000036104 P36 36 12 0
15089.300000037363 P9 37 12 0
16452.800000041072 P47 38 12 1
17063.000000032192 P27 39 13 0
17149.10000003094 P40 40 13 0
17586.300000024577 P28 41 14 2
19812.099999992188 P17 42 16 0
20363.399999984165 P21 43 16 0
20854.199999977023 P10 44 16 0
21420.899999968777 P0 45 16 0
21880.29999996209 P33 46 16 0
22597.19999995166 P44 47 16 0
24084.29999993002 P41 48 16 0
24740.39999992047 P35 49 16 0
26032.299999901672 P12 50 16 0
432.4000000000298 P3 1 0 0
876.9000000001308 P48 2 0 1
1198.000000000006 P30 3 1 3
1258.7999999999506 P0 4 1 3
1380.49999999984 P39 5 2 2
2234.2999999990634 P7 6 4 0
2633.9999999987 P45 7 4 0
3082.8999999982916 P49 8 4 0
3105.699999998271 P2 9 4 0
3249.59999999814 P9 10 4 0
3757.2999999976782 P6 11 4 0
4686.499999999518 P8 12 4 0
5020.700000000734 P21 13 4 0
7676.800000010397 P42 14 4 0
7819.000000010914 P20 15 4 9
7900.50000001121 P32 16 4 9
7932.800000011328 P26 17 4 9
8223.800000012387 P40 18 5 8
8224.90000001239 P28 19 5 8
9034.200000015335 P4 20 7 6
10086.400000019163 P13 21 9 5
10272.100000019838 P33 22 9 5
10545.100000020831 P29 23 9 5
10579.200000020955 P25 24 10 4
10814.20000002181 P23 25 10 4
10864.600000021994 P15 26 10 4
10865.400000021997 P12 27 10 4
10877.600000022041 P10 28 10 4
10905.00000002214 P46 29 10 4
11114.300000022902 P22 30 11 3
12000.400000026126 P11 31 12 2
12333.700000027338 P18 32 13 2
12346.200000027384 P38 33 13 2
12459.500000027796 P37 34 13 2
12696.400000028658 P47 35 14 1
12978.600000029684 P43 36 14 1
13046.700000029932 P31 37 15 0
13223.000000030574 P24 38 15 0
13935.100000033164 P41 39 15 0
14048.700000033577 P19 40 15 0
14230.500000034239 P1 41 15 0
14487.400000035173 P14 42 15 0
14653.600000035778 P35 43 15 0
14708.300000035977 P34 44 15 0
14716.400000036007 P44 45 15 0
14868.900000036561 P36 46 15 0
14912.000000036718 P27 47 15 0
15114.300000037454 P16 48 15 0
20484.899999982397 P5 49 15 1
21540.29999996704 P17 50 16 0
1.0999999999999999 P40 1 0 0
1500.199999999731 P15 2 1 0
1600.8999999996395 P9 3 1 0
3589.199999997831 P33 4 1 1
5214.70000000144 P35 5 2 4
6235.3000000051525 P44 6 5 1
6578.400000006401 P46 7 5 1
6703.300000006855 P14 8 6 0
6920.400000007645 P23 9 6 0
7210.200000008699 P49 10 6 0
7459.000000009604 P37 11 6 0
7677.7000000104 P12 12 6 2
7807.800000010873 P38 13 6 6
9004.500000015227 P13 14 9 3
9382.800000016603 P48 15 10 2
9422.200000016746 P29 16 10 5
9482.800000016967 P10 17 10 5
10248.600000019753 P47 18 12 3
10493.400000020643 P0 19 12 3
10519.400000020738 P26 20 12 3
10654.70000002123 P39 21 13 2
10941.400000022273 P18 22 13 2
11036.70000002262 P25 23 13 2
11099.400000022848 P11 24 13 2
11155.200000023051 P8 25 14 1
11289.100000023538 P3 26 14 1
11380.700000023871 P21 27 14 1
11563.800000024537 P43 28 14 1
11575.100000024579 P30 29 14 2
11632.700000024788 P31 30 14 2
11787.900000025353 P5 31 15 1
12499.600000027942 P4 32 16 0
12503.300000027955 P24 33 16 0
12656.300000028512 P22 34 16 0
12687.200000028624 P2 35 16 0
13668.500000032194 P36 36 16 0
13912.800000033083 P32 37 16 0
14075.300000033674 P6 38 16 0
15187.50000003772 P17 39 16 0
15737.40000003972 P20 40 16 0
15846.800000040119 P7 41 16 0
16182.60000004134 P1 42 16 0
17097.200000031695 P42 43 16 0
17868.00000002048 P28 44 16 0
18861.200000006025 P34 45 16 0
18876.400000005804 P16 46 16 0
19340.899999999045 P41 47 16 0
19345.99999999897 P27 48 16 0
20085.699999988206 P45 49 16 0
20959.799999975487 P19 50 16 0
