0.6 P79 1 0 0
79.19999999999978 P12 2 0 0
2090.699999999194 P54 3 0 0
3060.0 P80 4 0 1
3611.299999997811 P90 5 1 0
3615.2999999978074 P48 6 1 0
3685.099999997744 P6 7 1 0
3915.2999999975345 P50 8 1 0
3939.2999999975127 P59 9 1 0
3964.6999999974896 P33 10 1 5
4322.599999998194 P60 11 2 4
5597.6000000028325 P21 12 6 0
5605.20000000286 P53 13 6 1
5968.4000000041815 P83 14 6 1
6104.2000000046755 P77 15 7 0
6149.800000004841 P22 16 7 0
6414.600000005805 P44 17 7 0
6438.00000000589 P88 18 7 0
6586.6000000064305 P30 19 7 0
6630.200000006589 P42 20 7 0
6653.300000006673 P58 21 7 0
6720.2000000069165 P41 22 7 0
7007.500000007962 P14 23 7 0
7121.000000008375 P32 24 7 0
7163.000000008527 P91 25 7 1
7418.700000009458 P98 26 7 1
7507.500000009781 P43 27 7 1
7541.600000009905 P85 28 7 2
7682.300000010417 P95 29 8 1
7698.800000010477 P34 30 8 1
7699.200000010478 P38 31 8 1
7718.0000000105465 P87 32 8 1
7892.600000011182 P45 33 8 1
7902.900000011219 P68 34 8 1
7936.500000011341 P51 35 8 1
8018.000000011638 P49 36 8 1
8025.100000011664 P37 37 8 1
8094.400000011916 P67 38 9 0
8149.100000012115 P1 39 9 0
8984.500000015154 P24 40 9 0
9302.20000001631 P75 41 9 0
9732.400000017875 P78 42 9 0
9776.600000018036 P84 43 9 0
10058.20000001906 P99 44 9 0
10236.500000019709 P4 45 9 0
10454.700000020503 P29 46 9 0
10562.400000020894 P72 47 9 0
10715.00000002145 P11 48 9 0
10958.200000022334 P81 49 9 0
11097.20000002284 P23 50 9 0
11517.80000002437 P31 51 9 0
11776.00000002531 P55 52 9 0
11807.900000025425 P16 53 9 0
12126.800000026586 P63 54 9 0
12243.70000002701 P93 55 9 0
12372.60000002748 P8 56 9 0
12408.900000027612 P94 57 9 0
12622.000000028387 P71 58 9 0
12781.600000028968 P82 59 9 0
13291.300000030822 P70 60 9 0
13405.900000031239 P17 61 9 0
13743.000000032465 P2 62 9 0
14145.200000033929 P15 63 9 0
15384.300000038436 P25 64 9 0
15656.000000039425 P76 65 9 0
15744.700000039747 P97 66 9 0
15745.800000039751 P52 67 9 0
15797.80000003994 P62 68 9 0
15828.900000040054 P35 69 9 0
16261.200000041626 P13 70 9 0
16625.50000003856 P39 71 9 0
16812.700000035835 P66 72 9 0
16860.000000035147 P46 73 9 0
17291.20000002887 P27 74 9 0
17384.400000027515 P7 75 9 0
17470.70000002626 P64 76 9 0
17716.70000002268 P56 77 9 0
17967.000000019038 P26 78 9 0
18380.000000013028 P92 79 9 0
19288.699999999804 P0 80 9 0
19437.39999999764 P20 81 9 0
19847.299999991676 P96 82 9 0
20743.89999997863 P40 83 9 0
21891.599999961927 P61 84 9 0
22375.89999995488 P18 85 9 0
22556.49999995225 P65 86 9 0
22570.99999995204 P86 87 9 0
23603.79999993701 P28 88 9 0
23815.299999933934 P47 89 9 0
25317.299999912077 P19 90 9 0
27067.599999886606 P5 91 9 0
28458.19999986637 P3 92 9 0
0.2 P10 1 0 0
0.8999999999999999 P67 2 0 0
3934.499999997517 P94 3 2 3
4269.899999998002 P83 4 2 4
4335.8999999982425 P52 5 3 5
4758.099999999778 P51 6 4 4
5244.1000000015465 P80 7 5 3
5283.800000001691 P65 8 5 3
5287.500000001704 P97 9 5 3
5340.500000001897 P31 10 5 3
5361.800000001975 P85 11 5 3
5568.100000002725 P12 12 6 2
5654.800000003041 P8 13 6 2
5667.900000003088 P66 14 6 2
5670.200000003097 P89 15 6 2
5704.20000000322 P5 16 6 2
5899.600000003931 P42 17 6 2
6024.900000004387 P98 18 6 2
6081.300000004592 P87 19 6 2
6188.500000004982 P17 20 7 2
6465.000000005988 P29 21 7 2
6616.900000006541 P54 22 7 2
6619.40000000655 P27 23 7 2
6677.900000006763 P93 24 7 2
6682.400000006779 P49 25 7 2
6730.0 P69 26 7 2
6772.900000007108 P99 27 8 1
6865.700000007446 P76 28 8 1
6981.900000007869 P0 29 8 1
7069.600000008188 P60 30 8 1
7277.500000008944 P57 31 9 0
7278.600000008948 P37 32 9 0
7386.5000000093405 P36 33 9 0
7510.0 P24 34 9 0
7522.600000009836 P25 35 9 0
7542.300000009907 P86 36 9 0
7769.500000010734 P3 37 9 0
7779.3000000107695 P18 38 9 0
7783.7000000107855 P50 39 9 0
7889.700000011171 P84 40 9 0
7939.800000011353 P2 41 9 0
7952.2000000113985 P48 42 9 0
7967.200000011453 P88 43 9 0
7989.700000011535 P91 44 9 0
8129.100000012042 P28 45 9 0
8132.700000012055 P55 46 9 0
8190.600000012266 P90 47 9 0
8230.30000001241 P44 48 9 0
8314.000000012715 P70 49 9 0
8320.70000001274 P1 50 9 0
8332.700000012783 P43 51 9 0
8383.500000012968 P21 52 9 0
8478.100000013312 P64 53 9 0
8497.600000013383 P40 54 9 0
8531.200000013505 P92 55 9 0
8638.200000013894 P73 56 9 0
8841.500000014634 P63 57 9 0
8915.700000014904 P96 58 9 0
8967.700000015093 P35 59 9 0
9279.400000016227 P53 60 9 0
9318.100000016368 P4 61 9 0
9333.100000016422 P79 62 9 0
9452.200000016855 P16 63 9 0
9571.50000001729 P95 64 9 0
9821.8000000182 P72 65 9 0
9844.100000018281 P33 66 9 0
10089.100000019173 P6 67 9 0
10201.20000001958 P41 68 9 0
10626.700000021128 P58 69 9 0
10829.500000021866 P81 70 9 0
10954.40000002232 P23 71 9 0
11054.900000022686 P9 72 9 0
11339.500000023721 P75 73 9 0
11793.700000025374 P77 74 9 0
11922.500000025842 P59 75 9 0
12820.70000002911 P78 76 9 0
13371.400000031113 P34 77 9 0
13851.200000032859 P45 78 9 0
14060.700000033621 P26 79 9 0
14092.700000033738 P15 80 9 0
14126.30000003386 P38 81 9 0
14392.80000003483 P56 82 9 0
14533.00000003534 P32 83 9 0
14718.000000036012 P74 84 9 0
14786.30000003626 P22 85 9 0
14824.200000036399 P68 86 9 0
14943.00000003683 P46 87 9 0
17690.60000002306 P7 88 9 0
17732.000000022457 P19 89 9 0
17773.400000021855 P11 90 9 0
17952.100000019254 P14 91 9 0
18954.40000000467 P62 92 9 0
18957.10000000463 P71 93 9 0
23760.799999934727 P30 94 9 0
25262.89999991287 P47 95 9 0
27689.699999877554 P61 96 9 0
28645.89999986364 P82 97 9 0
0.30000000000000004 P76 1 0 0
627.6000000000741 P71 2 0 0
2920.599999998439 P0 3 0 0
4050.5999999974115 P29 4 0 7
5001.600000000664 P62 5 3 5
5419.400000002184 P82 6 5 3
5478.000000002397 P61 7 5 3
5550.600000002662 P1 8 5 3
5833.20000000369 P59 9 5 3
5849.70000000375 P73 10 5 3
5975.800000004208 P36 11 6 2
5978.3000000042175 P56 12 6 2
6000.000000004296 P87 13 6 2
6138.600000004801 P95 14 6 2
6145.000000004824 P54 15 6 2
6255.600000005226 P75 16 6 2
6260.400000005244 P34 17 6 2
6271.200000005283 P38 18 6 2
6281.000000005319 P42 19 6 2
6436.100000005883 P60 20 7 1
6450.0 P12 21 7 1
6457.4000000059605 P91 22 7 1
6459.400000005968 P5 23 7 1
6483.900000006057 P52 24 7 1
6573.700000006384 P8 25 7 1
6687.2000000067965 P63 26 7 1
6725.600000006936 P47 27 7 1
6733.1000000069635 P21 28 7 1
6773.8000000071115 P97 29 7 1
6800.80000000721 P64 30 7 1
6849.700000007388 P69 31 7 1
6875.00000000748 P50 32 7 1
6887.400000007525 P43 33 8 0
6950.0000000077525 P68 34 8 0
6984.200000007877 P28 35 8 0
6993.100000007909 P80 36 8 0
7341.100000009175 P23 37 8 0
7392.100000009361 P17 38 8 0
7426.200000009485 P96 39 8 0
7803.700000010858 P58 40 8 0
7896.300000011195 P44 41 8 0
8369.700000012917 P66 42 8 0
8423.000000013111 P39 43 8 0
9245.500000016104 P19 44 8 1
9305.20000001632 P27 45 8 1
9556.100000017233 P93 46 8 1
9861.500000018345 P30 47 9 0
9874.20000001839 P74 48 9 0
9901.60000001849 P18 49 9 0
9927.600000018585 P92 50 9 0
9928.100000018587 P65 51 9 0
10156.200000019417 P94 52 9 0
10269.80000001983 P32 53 9 0
10330.800000020052 P45 54 9 0
10399.300000020301 P99 55 9 0
10427.400000020403 P35 56 9 0
10681.300000021327 P46 57 9 0
10685.00000002134 P98 58 9 0
10686.500000021346 P70 59 9 0
10767.60000002164 P3 60 9 0
10784.0000000217 P55 61 9 0
10835.600000021888 P14 62 9 0
10929.50000002223 P86 63 9 0
10935.700000022252 P2 64 9 0
11209.200000023247 P72 65 9 0
11469.300000024194 P16 66 9 0
11629.100000024775 P48 67 9 0
11662.200000024895 P20 68 9 0
11714.100000025084 P13 69 9 0
11766.200000025274 P40 70 9 0
11899.200000025758 P53 71 9 0
11980.0 P83 72 9 0
12003.200000026136 P7 73 9 0
12557.300000028152 P9 74 9 0
13201.400000030495 P90 75 9 0
14088.00000003372 P15 76 9 0
14169.000000034015 P85 77 9 0
14507.600000035247 P89 78 9 0
14547.900000035394 P11 79 9 0
14911.000000036714 P57 80 9 0
14915.600000036731 P25 81 9 0
15105.400000037422 P84 82 9 0
15425.400000038586 P26 83 9 0
15792.700000039922 P37 84 9 0
16238.500000041544 P41 85 9 0
16671.200000037894 P24 86 9 0
16967.400000033584 P49 87 9 0
17411.00000002713 P81 88 9 0
17551.20000002509 P88 89 9 0
17562.400000024925 P33 90 9 0
17704.500000022857 P6 91 9 0
18328.20000001378 P22 92 9 0
19210.0 P78 93 9 0
21878.799999962113 P31 94 9 0
22351.89999995523 P79 95 9 0
23648.399999936362 P77 96 9 0
24088.99999992995 P4 97 9 0
25173.899999914163 P10 98 9 0
26414.099999896116 P67 99 9 0
642.2000000000775 P23 1 1 0
1262.0999999999476 P73 2 1 0
1827.1999999994337 P48 3 1 2
2108.6999999991776 P56 4 2 2
2712.1999999986288 P36 5 2 2
2993.7999999983726 P67 6 2 2
3454.299999997954 P5 7 2 3
3967.2999999974872 P31 8 2 3
4409.39999999851 P49 9 2 5
5851.800000003757 P16 10 5 2
5977.500000004215 P89 11 5 4
6053.20000000449 P13 12 5 4
6137.200000004796 P8 13 5 4
6259.800000005242 P61 14 5 4
6352.4000000055785 P74 15 6 3
6477.400000006033 P45 16 6 3
6541.300000006266 P20 17 6 3
6818.900000007276 P44 18 7 2
6832.600000007325 P69 19 7 2
6854.800000007406 P66 20 7 2
6994.100000007913 P34 21 7 2
7070.900000008192 P99 22 7 2
7132.5000000084165 P11 23 7 2
7360.800000009247 P26 24 8 1
7361.400000009249 P38 25 8 1
7367.8000000092725 P3 26 8 1
7384.000000009331 P50 27 8 1
7401.600000009395 P54 28 8 1
7472.400000009653 P17 29 8 1
7480.5000000096825 P1 30 8 1
7580.300000010046 P79 31 8 1
7857.1000000110525 P72 32 9 0
8439.400000013171 P60 33 9 0
8579.40000001368 P98 34 9 0
8692.500000014092 P21 35 9 0
8766.30000001436 P59 36 9 0
8901.400000014852 P41 37 9 0
9024.100000015298 P6 38 9 0
9191.500000015907 P90 39 9 0
9307.60000001633 P32 40 9 0
9316.600000016362 P22 41 9 0
9542.600000017184 P84 42 9 0
9578.100000017314 P39 43 9 0
9856.900000018328 P76 44 9 0
9880.800000018415 P46 45 9 0
9917.400000018548 P77 46 9 0
9928.80000001859 P87 47 9 0
10158.500000019425 P97 48 9 0
10166.400000019454 P4 49 9 0
10278.700000019862 P25 50 9 0
10284.200000019882 P24 51 9 0
10305.100000019958 P10 52 9 0
10310.200000019977 P80 53 9 0
10392.600000020277 P53 54 9 0
10496.100000020653 P93 55 9 0
10574.500000020938 P57 56 9 0
10839.400000021902 P42 57 9 0
10921.5000000222 P92 58 9 0
11227.900000023315 P40 59 9 0
11327.700000023679 P95 60 9 0
11366.40000002382 P81 61 9 0
11630.100000024779 P62 62 9 0
11740.0 P35 63 9 0
12076.800000026404 P27 64 9 0
12237.80000002699 P75 65 9 0
12263.800000027084 P15 66 9 0
12376.800000027495 P82 67 9 0
12780.800000028965 P94 68 9 0
12971.90000002966 P2 69 9 0
13164.000000030359 P63 70 9 0
14957.200000036883 P12 71 9 0
14970.00000003693 P58 72 9 0
15145.200000037566 P18 73 9 0
15343.200000038287 P88 74 9 0
15683.800000039526 P71 75 9 0
15791.000000039916 P85 76 9 0
16535.100000039874 P29 77 9 0
16576.60000003927 P47 78 9 0
16775.30000003638 P52 79 9 0
17356.60000002792 P78 80 9 0
17581.700000024644 P68 81 9 0
17728.200000022513 P55 82 9 0
18792.20000000703 P28 83 9 0
19041.6000000034 P33 84 9 0
19397.099999998227 P19 85 9 0
19905.199999990833 P86 86 9 0
21851.799999962506 P0 87 9 0
22230.299999957 P14 88 9 0
22505.199999952998 P51 89 9 0
22955.599999946444 P37 90 9 0
23175.599999943242 P64 91 9 0
23266.799999941915 P7 92 9 0
23487.899999938698 P65 93 9 0
24268.199999927343 P91 94 9 0
24591.799999922634 P96 95 9 0
27315.99999988299 P9 96 9 0
222.29999999999166 P32 1 0 1
1315.0999999998994 P38 2 1 0
1362.799999999856 P3 3 1 0
1431.4999999997935 P98 4 1 0
1535.2999999996991 P91 5 1 0
1711.299999999539 P47 6 1 0
2617.0999999987152 P43 7 2 0
4050.999999997411 P8 8 2 0
4054.299999997408 P37 9 2 2
4074.29999999739 P80 10 2 2
4099.299999997382 P62 11 2 2
4300.299999998113 P61 12 2 2
4822.600000000013 P83 13 2 6
5010.300000000696 P92 14 2 6
6184.300000004967 P10 15 4 5
6301.500000005393 P22 16 5 4
6668.700000006729 P71 17 5 4
6712.400000006888 P99 18 5 4
6791.700000007177 P29 19 5 4
6885.300000007517 P88 20 6 3
6907.300000007597 P77 21 6 3
6999.500000007933 P45 22 6 3
7086.6000000082495 P86 23 6 3
7088.900000008258 P42 24 6 3
7353.600000009221 P70 25 7 2
7989.100000011533 P65 26 8 1
8101.600000011942 P0 27 9 0
8202.000000012307 P78 28 9 0
8327.500000012764 P75 29 9 0
8341.100000012813 P95 30 9 0
8363.700000012896 P72 31 9 0
8371.600000012924 P76 32 9 0
8413.600000013077 P60 33 9 0
8515.100000013446 P14 34 9 0
8575.900000013668 P7 35 9 0
8584.200000013698 P35 36 9 0
8660.400000013975 P85 37 9 0
8728.500000014223 P67 38 9 0
9141.100000015724 P1 39 9 0
9163.100000015804 P64 40 9 0
9229.100000016044 P66 41 9 0
9258.600000016151 P28 42 9 0
9279.500000016227 P15 43 9 0
9315.700000016359 P87 44 9 0
9337.200000016437 P9 45 9 0
9435.500000016795 P20 46 9 0
9444.800000016829 P23 47 9 0
9528.000000017131 P63 48 9 0
9640.50000001754 P46 49 9 0
9677.800000017676 P13 50 9 0
9722.60000001784 P51 51 9 0
9813.000000018168 P17 52 9 0
9840.500000018268 P53 53 9 0
9875.600000018396 P84 54 9 0
10380.100000020231 P48 55 9 0
10541.100000020817 P40 56 9 0
10776.100000021672 P96 57 9 0
10872.500000022023 P27 58 9 0
11029.000000022592 P39 59 9 0
11202.900000023224 P50 60 9 0
11747.100000025204 P5 61 9 0
12739.700000028815 P93 62 9 0
12993.400000029738 P33 63 9 0
13004.600000029779 P44 64 9 0
13165.200000030363 P12 65 9 0
13198.200000030483 P30 66 9 0
13408.400000031248 P21 67 9 0
13423.900000031304 P24 68 9 0
13428.10000003132 P94 69 9 0
13508.10000003161 P49 70 9 0
13545.800000031748 P54 71 9 0
13558.400000031794 P79 72 9 0
13718.900000032378 P31 73 9 0
13817.100000032735 P97 74 9 0
13890.0 P52 75 9 0
14136.300000033896 P56 76 9 0
14322.800000034575 P58 77 9 0
14431.40000003497 P16 78 9 0
14753.700000036142 P74 79 9 0
14876.400000036589 P82 80 9 0
15650.800000039406 P59 81 9 0
16390.800000041974 P41 82 9 0
16927.500000034164 P11 83 9 0
17058.000000032265 P25 84 9 0
17554.900000025034 P36 85 9 0
17864.300000020532 P6 86 9 0
18254.80000001485 P68 87 9 0
18893.80000000555 P26 88 9 0
19296.699999999688 P73 89 9 0
19352.599999998874 P57 90 9 0
19490.099999996874 P18 91 9 0
20180.099999986833 P81 92 9 0
20202.799999986502 P19 93 9 0
20394.899999983707 P4 94 9 0
21980.09999996064 P34 95 9 0
24150.499999929056 P2 96 9 0
25267.999999912794 P90 97 9 0
26060.49999990126 P55 98 9 0
0.8999999999999999 P98 1 0 0
1892.4999999993743 P42 2 1 1
1923.1999999993463 P16 3 1 1
2404.7999999989083 P80 4 2 0
4029.199999997431 P5 5 2 2
4079.2999999973854 P74 6 2 2
4094.5999999973715 P92 7 2 2
4130.0 P18 8 2 2
4307.499999998139 P85 9 2 2
4374.499999998383 P77 10 2 2
4700.0 P76 11 3 1
4717.29999999963 P0 12 3 1
4885.00000000024 P57 13 3 1
5042.9000000008145 P3 14 4 0
5134.100000001146 P83 15 4 0
5210.3000000014235 P84 16 4 0
5394.300000002093 P62 17 4 0
5480.800000002408 P23 18 4 1
5489.000000002437 P59 19 4 1
5564.900000002714 P47 20 4 1
5664.700000003077 P30 21 4 1
5701.5000000032105 P86 22 4 1
5753.5000000034 P54 23 4 1
5755.300000003406 P4 24 4 1
5832.100000003686 P22 25 4 1
5864.700000003804 P12 26 4 4
5925.000000004024 P61 27 4 4
5929.50000000404 P9 28 4 4
5930.800000004045 P88 29 5 3
6114.100000004712 P52 30 5 3
6119.800000004732 P48 31 5 3
6141.600000004812 P26 32 5 3
6157.900000004871 P82 33 6 2
6171.30000000492 P46 34 6 2
6174.500000004931 P43 35 6 2
6200.4000000050255 P21 36 6 2
6216.400000005084 P39 37 6 2
6223.100000005108 P97 38 6 2
6241.100000005174 P25 39 6 2
6301.200000005392 P20 40 6 2
6363.100000005617 P32 41 6 2
6388.50000000571 P95 42 6 2
6475.500000006026 P75 43 6 2
6606.600000006503 P2 44 7 1
6643.700000006638 P70 45 7 1
6828.30000000731 P10 46 7 1
6885.500000007518 P7 47 7 1
6945.500000007736 P60 48 7 1
7102.100000008306 P36 49 8 0
7279.000000008949 P73 50 8 0
7346.500000009195 P64 51 8 0
7755.700000010684 P31 52 8 0
8034.400000011698 P96 53 8 0
8239.800000012445 P72 54 8 0
8245.100000012464 P35 55 8 1
8277.00000001258 P34 56 8 1
8432.200000013145 P41 57 8 1
8495.300000013374 P56 58 8 1
8655.400000013957 P14 59 8 1
8913.500000014896 P29 60 9 0
9000.500000015212 P63 61 9 0
9011.800000015253 P51 62 9 0
9309.300000016336 P81 63 9 0
9567.300000017274 P89 64 9 0
9730.800000017869 P78 65 9 0
9946.200000018653 P65 66 9 0
10000.800000018851 P44 67 9 0
10859.300000021974 P40 68 9 0
11057.200000022694 P99 69 9 0
11206.000000023236 P79 70 9 0
11348.700000023755 P66 71 9 0
11352.300000023768 P50 72 9 0
11430.800000024054 P13 73 9 0
12081.900000026422 P90 74 9 0
12805.100000029053 P28 75 9 0
12812.800000029081 P19 76 9 0
13203.900000030504 P53 77 9 0
13281.800000030787 P55 78 9 0
13291.900000030824 P6 79 9 0
13320.400000030928 P15 80 9 0
13377.400000031135 P58 81 9 0
13383.700000031158 P11 82 9 0
13807.4000000327 P87 83 9 0
14180.500000034057 P93 84 9 0
14627.100000035682 P27 85 9 0
14877.200000036592 P67 86 9 0
16347.000000041939 P68 87 9 0
16559.100000039525 P1 88 9 0
20890.0999999765 P24 89 9 0
21816.39999996302 P33 90 9 0
22347.0999999553 P45 91 9 0
22890.899999947385 P38 92 9 0
22993.299999945895 P8 93 9 0
23437.799999939427 P94 94 9 0
27308.799999883096 P49 95 9 0
27708.099999877286 P69 96 9 0
863.2000000001277 P49 1 0 0
1918.4999999993506 P10 2 1 0
3280.199999998112 P7 3 1 0
4616.099999999262 P51 4 1 4
5276.200000001663 P72 5 2 3
5576.500000002756 P0 6 3 2
5633.800000002964 P3 7 3 4
5768.100000003453 P74 8 3 4
5800.000000003569 P22 9 3 4
5940.60000000408 P68 10 4 3
6056.1000000045005 P57 11 4 3
6074.100000004566 P40 12 4 3
6242.400000005178 P75 13 4 3
6280.200000005316 P94 14 4 3
6310.300000005425 P59 15 4 4
6444.800000005915 P76 16 5 3
6584.200000006422 P48 17 5 3
6760.700000007064 P18 18 5 3
6817.200000007269 P92 19 6 2
6830.300000007317 P39 20 6 2
6841.800000007359 P98 21 6 2
6883.000000007509 P78 22 6 2
6991.5000000079035 P32 23 6 2
6994.8000000079155 P23 24 6 2
7016.400000007994 P46 25 6 2
7024.2000000080225 P9 26 6 2
7066.200000008175 P17 27 6 2
7095.600000008282 P67 28 6 2
7155.800000008501 P31 29 6 2
7169.700000008552 P66 30 6 2
7251.500000008849 P61 31 7 1
7578.9000000100405 P60 32 7 1
7584.600000010061 P16 33 7 1
7690.700000010447 P36 34 8 0
7707.600000010509 P4 35 8 0
7778.300000010766 P11 36 8 0
7817.90000001091 P71 37 8 0
7839.100000010987 P6 38 8 0
7870.700000011102 P85 39 8 0
7924.300000011297 P58 40 8 0
7946.900000011379 P34 41 8 0
8017.600000011636 P80 42 8 1
8024.600000011662 P55 43 8 1
8173.900000012205 P41 44 8 1
8256.700000012506 P5 45 8 1
8295.700000012648 P81 46 8 1
8380.400000012956 P54 47 8 1
8456.800000013234 P89 48 8 1
8647.300000013927 P37 49 8 1
8716.60000001418 P8 50 9 0
8941.300000014997 P65 51 9 0
8985.800000015159 P29 52 9 0
9134.000000015698 P27 53 9 0
9404.800000016683 P30 54 9 0
9642.300000017547 P14 55 9 0
9665.20000001763 P26 56 9 0
9753.10000001795 P47 57 9 0
10298.400000019934 P82 58 9 0
10851.600000021946 P44 59 9 0
11698.900000025029 P50 60 9 0
13116.900000030188 P99 61 9 0
13163.100000030356 P86 62 9 0
13491.20000003155 P91 63 9 0
13510.60000003162 P62 64 9 0
13779.8000000326 P1 65 9 0
15349.60000003831 P73 66 9 0
15523.100000038941 P87 67 9 0
15983.700000040617 P19 68 9 0
16082.900000040978 P45 69 9 0
16258.200000041616 P95 70 9 0
16319.70000004184 P63 71 9 0
16513.600000040187 P70 72 9 0
17199.000000030213 P20 73 9 0
17779.700000021763 P15 74 9 0
18289.70000001434 P33 75 9 0
18599.10000000984 P64 76 9 0
18628.200000009416 P28 77 9 0
18964.500000004522 P52 78 9 0
19099.500000002557 P38 79 9 0
19230.300000000654 P21 80 9 0
20036.299999988925 P88 81 9 0
20532.599999981703 P79 82 9 0
20909.699999976216 P35 83 9 0
21995.79999996041 P93 84 9 0
23480.19999993881 P42 85 9 0
24610.0 P25 86 9 0
24967.99999991716 P2 87 9 0
25074.199999915614 P69 88 9 0
25112.799999915052 P96 89 9 0
25539.299999908846 P53 90 9 0
25797.699999905086 P84 91 9 0
26251.499999898482 P12 92 9 0
28324.19999986832 P83 93 9 0
198.19999999999303 P11 1 1 0
1369.39999999985 P71 2 1 1
3229.699999998158 P24 3 2 3
3727.2999999977055 P92 4 3 2
3738.899999997695 P43 5 3 2
4049.3999999974126 P99 6 3 2
4279.199999998036 P97 7 3 2
4292.999999998086 P51 8 4 1
4350.399999998295 P6 9 4 1
4384.69999999842 P36 10 4 1
4387.199999998429 P4 11 4 1
4557.099999999047 P22 12 4 1
4760.199999999786 P8 13 4 1
5087.500000000977 P32 14 5 4
5154.100000001219 P23 15 5 4
5355.10000000195 P20 16 5 4
5358.700000001963 P47 17 5 4
5384.700000002058 P14 18 5 4
5413.7000000021635 P52 19 5 4
5463.800000002346 P30 20 5 4
5465.1000000023505 P48 21 5 4
5547.700000002651 P16 22 5 4
5575.100000002751 P0 23 6 3
6020.700000004372 P85 24 7 2
6065.7000000045355 P40 25 7 2
6185.400000004971 P88 26 7 2
6302.800000005398 P77 27 7 2
6405.10000000577 P83 28 8 1
6420.600000005827 P5 29 8 1
6563.000000006345 P12 30 8 1
6658.100000006691 P76 31 8 1
6676.100000006756 P58 32 8 1
6708.300000006873 P94 33 8 1
6737.200000006978 P63 34 8 1
6932.300000007688 P62 35 9 0
7046.500000008104 P49 36 9 0
7066.400000008176 P70 37 9 0
7167.500000008544 P26 38 9 0
7212.100000008706 P37 39 9 0
7504.7000000097705 P95 40 9 0
7574.200000010023 P66 41 9 0
7599.200000010114 P87 42 9 0
7623.500000010203 P25 43 9 0
7738.700000010622 P18 44 9 0
7942.200000011362 P29 45 9 0
8105.500000011956 P61 46 9 0
8106.000000011958 P93 47 9 0
8106.50000001196 P31 48 9 0
8210.200000012337 P53 49 9 0
8288.10000001262 P89 50 9 0
8562.300000013618 P65 51 9 0
8888.500000014805 P59 52 9 0
8915.800000014904 P69 53 9 0
8956.200000015051 P44 54 9 0
8996.600000015198 P55 55 9 0
9106.400000015597 P67 56 9 0
9140.900000015723 P86 57 9 0
9150.000000015756 P27 58 9 0
9470.800000016923 P19 59 9 0
9583.400000017333 P75 60 9 0
11524.300000024394 P81 61 9 0
11554.800000024505 P35 62 9 0
11972.000000026022 P15 63 9 0
12320.900000027292 P60 64 9 0
12662.900000028536 P46 65 9 0
13539.100000031724 P39 66 9 0
14303.700000034505 P2 67 9 0
14466.000000035096 P50 68 9 0
14479.100000035143 P82 69 9 0
14816.20000003637 P96 70 9 0
14912.60000003672 P56 71 9 0
14913.800000036725 P38 72 9 0
15078.000000037322 P21 73 9 0
15123.100000037486 P17 74 9 0
15170.300000037658 P7 75 9 0
15224.500000037855 P3 76 9 0
15405.600000038514 P90 77 9 0
15781.900000039883 P78 78 9 0
15792.800000039922 P34 79 9 0
16226.700000041501 P41 80 9 0
16536.600000039853 P57 81 9 0
17186.500000030395 P28 82 9 0
17201.90000003017 P33 83 9 0
17479.400000026133 P64 84 9 0
17612.90000002419 P80 85 9 0
17699.000000022937 P73 86 9 0
17742.600000022303 P98 87 9 0
18720.900000008067 P91 88 9 0
21853.899999962476 P10 89 9 0
24580.3999999228 P1 90 9 0
27987.699999873217 P54 91 9 0
28080.89999987186 P45 92 9 0
0.7999999999999999 P1 1 0 0
1.3 P79 2 0 0
245.59999999999033 P5 3 0 0
774.5000000001075 P52 4 0 0
2860.499999998494 P0 5 2 3
3242.099999998147 P94 6 2 7
3800.7999999976387 P12 7 4 5
4207.199999997774 P15 8 5 4
4337.299999998248 P72 9 6 3
4421.899999998555 P76 10 6 3
4466.699999998718 P34 11 6 3
4528.5999999989435 P47 12 6 3
4553.999999999036 P36 13 6 3
4663.199999999433 P27 14 6 3
4706.599999999591 P19 15 6 3
4804.499999999947 P57 16 7 2
4952.900000000487 P56 17 7 2
5194.300000001365 P2 18 8 1
5391.200000002082 P82 19 8 1
5603.500000002854 P87 20 8 1
5624.40000000293 P23 21 9 0
5628.1000000029435 P24 22 9 0
5713.800000003255 P80 23 9 0
5750.90000000339 P61 24 9 0
5808.7000000036005 P40 25 9 0
5882.300000003868 P62 26 9 0
5912.100000003977 P78 27 9 0
6019.100000004366 P58 28 9 0
6100.200000004661 P71 29 9 0
6164.600000004895 P17 30 9 0
6403.8000000057655 P73 31 9 0
6420.500000005826 P89 32 9 0
6629.400000006586 P28 33 9 0
7012.200000007979 P26 34 9 0
7042.500000008089 P18 35 9 0
7045.200000008099 P90 36 9 0
7175.900000008574 P64 37 9 0
7333.400000009147 P10 38 9 0
7360.1000000092445 P33 39 9 0
7363.100000009255 P7 40 9 0
7624.0000000102045 P11 41 9 0
7627.3000000102165 P22 42 9 0
7738.9000000106225 P75 43 9 0
7779.000000010768 P30 44 9 0
7820.000000010918 P92 45 9 0
7863.4000000110755 P35 46 9 0
8613.100000013803 P49 47 9 0
8640.600000013903 P70 48 9 0
8922.200000014927 P91 49 9 0
9119.100000015644 P97 50 9 0
9200.900000015941 P60 51 9 0
9267.400000016183 P32 52 9 0
9333.900000016425 P41 53 9 0
9415.00000001672 P55 54 9 0
9503.500000017042 P38 55 9 0
9540.500000017177 P85 56 9 0
9711.000000017797 P53 57 9 0
9727.700000017858 P51 58 9 0
9737.900000017895 P59 59 9 0
9959.600000018701 P93 60 9 0
10869.20000002201 P83 61 9 0
11086.600000022801 P99 62 9 0
11552.100000024495 P88 63 9 0
11567.800000024552 P69 64 9 0
11968.300000026009 P6 65 9 0
12025.000000026215 P8 66 9 0
12066.000000026364 P3 67 9 0
12169.700000026742 P86 68 9 0
12352.100000027405 P48 69 9 0
12439.100000027722 P21 70 9 0
12656.700000028513 P42 71 9 0
12755.200000028872 P50 72 9 0
12758.300000028883 P45 73 9 0
12760.00000002889 P67 74 9 0
12851.600000029222 P96 75 9 0
13545.300000031746 P20 76 9 0
13675.300000032219 P68 77 9 0
14561.600000035443 P39 78 9 0
14750.700000036131 P31 79 9 0
15350.700000038314 P77 80 9 0
16174.30000004131 P37 81 9 0
17461.900000026388 P46 82 9 0
17853.200000020694 P14 83 9 0
18107.900000016987 P66 84 9 0
18725.200000008004 P95 85 9 0
19187.90000000127 P84 86 9 0
19285.399999999852 P54 87 9 0
20114.89999998778 P81 88 9 0
21270.19999997097 P16 89 9 0
21690.69999996485 P74 90 9 0
21790.199999963403 P4 91 9 0
25826.099999904673 P63 92 9 0
26375.39999989668 P9 93 9 0
26507.599999894755 P29 94 9 0
991.800000000157 P88 1 0 0
1467.8999999997604 P82 2 0 0
3791.1999999976474 P39 3 1 4
3808.5999999976316 P38 4 1 4
5252.200000001576 P6 5 5 2
5376.300000002027 P48 6 5 2
5491.400000002446 P92 7 5 3
5627.600000002942 P11 8 6 2
5639.400000002985 P67 9 6 2
5682.900000003143 P66 10 6 2
5694.700000003186 P71 11 6 2
5708.700000003237 P44 12 6 2
5734.600000003331 P5 13 6 2
5743.400000003363 P9 14 6 2
5746.800000003375 P2 15 6 2
5772.600000003469 P93 16 6 2
5775.60000000348 P15 17 6 2
5811.500000003611 P32 18 6 2
5815.100000003624 P35 19 6 2
5900.5000000039345 P68 20 6 2
5900.600000003935 P12 21 6 2
5903.900000003947 P96 22 6 2
5904.600000003949 P99 23 6 2
5931.000000004045 P84 24 6 2
6029.500000004404 P61 25 6 2
6130.000000004769 P36 26 7 1
6216.9000000050855 P97 27 7 1
6223.300000005109 P17 28 7 1
6272.000000005286 P87 29 7 1
6362.600000005616 P7 30 7 1
6411.400000005793 P98 31 7 1
6412.200000005796 P55 32 7 1
6437.600000005888 P65 33 7 1
6450.100000005934 P1 34 7 1
6455.100000005952 P10 35 7 1
6514.100000006167 P20 36 7 1
6535.000000006243 P43 37 7 1
6545.700000006282 P52 38 7 1
6555.300000006317 P19 39 7 1
6598.800000006475 P79 40 7 1
6666.6000000067215 P3 41 7 1
6677.400000006761 P89 42 7 1
6683.500000006783 P26 43 7 1
6710.10000000688 P54 44 7 1
6713.400000006892 P29 45 7 1
6773.600000007111 P51 46 8 0
6795.40000000719 P76 47 8 0
6855.7000000074095 P0 48 8 0
7010.900000007974 P62 49 8 0
7114.900000008352 P34 50 8 0
7628.000000010219 P30 51 8 0
7751.500000010668 P80 52 8 0
7948.700000011386 P85 53 8 0
8159.800000012154 P45 54 8 0
8187.300000012254 P4 55 8 0
8300.000000012664 P56 56 8 0
8629.100000013861 P25 57 8 0
8802.900000014493 P8 58 8 0
8889.600000014809 P77 59 8 0
9471.500000016926 P49 60 8 0
9577.30000001731 P70 61 8 0
9911.900000018528 P53 62 8 0
9917.000000018546 P86 63 8 0
9975.300000018759 P78 64 8 0
10165.800000019452 P58 65 8 0
10176.800000019492 P72 66 8 0
10182.900000019514 P13 67 8 0
10206.000000019598 P18 68 8 0
10275.600000019851 P60 69 8 0
10560.900000020889 P64 70 8 0
10610.50000002107 P94 71 8 0
10891.700000022092 P90 72 8 0
11339.500000023721 P23 73 8 0
11969.000000026012 P37 74 8 0
12941.40000002955 P46 75 8 0
13052.800000029954 P33 76 8 0
13180.60000003042 P40 77 8 0
13185.200000030436 P22 78 8 0
13605.900000031967 P63 79 8 0
13628.60000003205 P57 80 8 0
13790.500000032638 P27 81 8 0
14037.900000033538 P41 82 8 0
14080.200000033692 P83 83 8 0
15647.800000039395 P42 84 8 0
16013.000000040724 P73 85 8 0
16262.10000004163 P81 86 8 1
16491.50000004051 P69 87 8 1
16643.90000003829 P75 88 8 1
17389.50000002744 P50 89 9 0
17419.400000027006 P31 90 9 0
17549.300000025116 P21 91 9 0
18223.000000015312 P16 92 9 0
19453.399999997408 P47 93 9 0
20349.699999984365 P95 94 9 0
21180.499999972275 P24 95 9 0
21838.099999962706 P91 96 9 0
27789.099999876107 P14 97 9 0
28152.299999870822 P28 98 9 0
28306.199999868582 P59 99 9 0
