12853.200000029228 P9 1 0 5
14021.200000033477 P1 2 3 2
14809.700000036346 P0 3 5 0
15310.300000038167 P7 4 5 0
15323.000000038213 P3 5 5 0
16586.100000039132 P5 6 5 0
23419.69999993969 P6 7 5 0
11305.300000023597 P8 1 2 0
14735.200000036075 P9 2 2 1
28169.099999870577 P1 3 3 7
2821.3999999985294 P5 1 0 0
7232.700000008781 P8 2 2 0
8780.400000014411 P1 3 2 1
9113.800000015624 P0 4 2 1
11997.600000026116 P9 5 3 0
12708.2000000287 P7 6 4 3
13953.800000033232 P6 7 6 3
16810.600000035865 P4 8 9 1
18278.600000014503 P2 9 10 0
0.7999999999999999 P4 1 0 0
6829.800000007315 P5 2 3 2
6999.400000007932 P6 3 3 2
8340.0 P7 4 5 0
8469.40000001328 P1 5 5 0
21242.69999997137 P3 6 5 0
21926.099999961425 P2 7 6 1
23594.699999937144 P0 8 9 6
24582.599999922768 P8 9 11 4
6599.200000006476 P0 1 0 1
10471.900000020565 P5 2 1 0
11472.900000024207 P4 3 3 2
11861.40000002562 P3 4 4 1
13779.000000032596 P6 5 5 0
13786.300000032623 P8 6 5 1
21350.799999969797 P7 7 6 0
10037.400000018984 P3 1 3 0
11343.900000023737 P4 2 3 0
14440.200000035002 P5 3 3 0
15885.000000040258 P1 4 5 0
16119.00000004111 P0 5 5 3
16886.900000034755 P6 6 7 1
17401.800000027262 P9 7 8 1
17993.500000018652 P7 8 9 0
20272.899999985482 P8 9 9 0
22990.399999945937 P2 10 9 0
1281.8999999999296 P7 1 0 0
11589.30000002463 P3 2 2 2
13718.100000032375 P0 3 4 0
13996.900000033389 P4 4 4 4
15011.70000003708 P6 5 6 2
16513.000000040196 P8 6 8 0
17051.50000003236 P1 7 8 0
18590.10000000997 P5 8 8 0
724.6000000000962 P9 1 0 0
7822.000000010925 P7 2 0 1
11127.700000022951 P2 3 1 2
13009.200000029796 P1 4 3 0
16757.800000036634 P4 5 3 0
27971.199999873457 P5 6 5 4
28121.59999987127 P4 1 1 6
