0.8999999999999999 P36 1 0 0
571.4000000000614 P33 2 0 0
3780.499999997657 P34 3 1 0
4470.499999998732 P18 4 1 0
4532.9999999989595 P5 5 1 0
4598.9999999992 P23 6 1 0
4667.299999999448 P2 7 1 0
4675.699999999479 P48 8 1 0
4697.599999999558 P39 9 1 0
5108.200000001052 P30 10 1 0
6827.200000007306 P20 11 1 0
7930.2000000113185 P49 12 1 0
8353.400000012858 P8 13 1 4
8460.600000013248 P4 14 2 3
9365.100000016539 P41 15 4 5
9688.300000017714 P11 16 4 5
10016.90000001891 P25 17 5 4
10082.70000001915 P0 18 5 4
10090.800000019179 P12 19 5 4
10491.700000020637 P24 20 7 2
10550.40000002085 P40 21 8 1
10578.600000020953 P38 22 8 1
10592.200000021003 P26 23 8 1
10642.900000021187 P43 24 8 1
10673.500000021299 P47 25 8 1
10790.900000021726 P35 26 8 1
10902.300000022131 P1 27 8 1
10905.400000022142 P6 28 8 1
11013.800000022537 P14 29 9 0
11575.70000002458 P28 30 9 0
11840.000000025542 P10 31 9 0
12205.700000026873 P29 32 9 0
12230.000000026961 P3 33 9 0
12301.00000002722 P17 34 9 0
12875.70000002931 P32 35 9 0
13792.000000032644 P19 36 9 0
14783.20000003625 P46 37 9 0
15147.800000037576 P22 38 9 0
15321.800000038209 P9 39 9 0
16953.500000033786 P44 40 9 0
17438.200000026733 P7 41 9 0
17500.30000002583 P31 42 9 0
17709.70000002278 P16 43 9 0
17835.400000020953 P21 44 9 0
18306.800000014093 P45 45 9 0
20334.699999984583 P13 46 9 0
23792.89999993426 P27 47 9 0
25977.699999902467 P15 48 9 0
28277.799999868996 P37 49 9 0
1385.2999999998356 P3 1 1 0
1458.499999999769 P20 2 1 0
6891.300000007539 P6 3 4 1
6926.500000007667 P10 4 5 1
7684.900000010426 P26 5 6 1
7739.600000010625 P37 6 6 1
7781.300000010777 P0 7 6 1
8082.600000011873 P21 8 6 1
8117.300000011999 P44 9 6 1
8179.600000012226 P34 10 6 1
8230.500000012411 P14 11 6 1
8323.90000001275 P5 12 6 1
8848.50000001466 P11 13 7 0
8880.0 P33 14 7 1
9465.700000016905 P1 15 7 1
9490.200000016994 P35 16 8 0
9495.600000017013 P4 17 8 0
9530.900000017142 P45 18 8 0
9702.500000017766 P47 19 8 0
10233.700000019699 P7 20 8 0
10252.300000019766 P38 21 8 0
10392.200000020275 P31 22 8 1
10396.600000020291 P28 23 8 1
10410.600000020342 P41 24 8 1
10535.900000020798 P40 25 8 1
10701.800000021402 P36 26 8 1
10720.000000021468 P49 27 8 1
10812.600000021805 P12 28 8 1
10918.30000002219 P30 29 8 1
11055.90000002269 P2 30 9 0
11070.000000022741 P42 31 9 0
11086.800000022802 P32 32 9 0
11215.900000023272 P13 33 9 0
12561.000000028165 P9 34 9 0
13719.70000003238 P43 35 9 0
13749.80000003249 P39 36 9 0
14175.90000003404 P22 37 9 0
14750.800000036132 P17 38 9 0
14905.300000036694 P18 39 9 0
15251.200000037952 P48 40 9 0
17083.90000003189 P16 41 9 0
18110.800000016945 P29 42 9 0
19041.300000003404 P24 43 9 0
19759.09999999296 P15 44 9 0
23385.499999940188 P25 45 9 0
23889.19999993286 P23 46 9 0
25856.899999904224 P8 47 9 0
658.8000000000812 P32 1 1 0
708.4000000000925 P42 2 1 0
939.7000000001451 P1 3 1 0
1080.8000000001125 P21 4 1 0
1091.4000000001029 P41 5 1 0
1178.9000000000233 P3 6 1 0
1390.6999999998307 P17 7 1 0
1930.09999999934 P43 8 1 0
2030.199999999249 P34 9 1 1
2216.999999999079 P2 10 1 1
2299.0999999990045 P36 11 2 0
2927.299999998433 P47 12 2 0
4136.399999997517 P9 13 2 0
5834.200000003693 P23 14 2 0
8442.300000013181 P37 15 3 1
9525.10000001712 P35 16 4 0
9672.900000017658 P6 17 4 3
10048.400000019024 P19 18 4 3
10370.100000020195 P46 19 5 2
10802.200000021767 P20 20 6 1
10857.100000021966 P38 21 6 1
11074.600000022758 P45 22 7 0
11111.20000002289 P26 23 7 0
11523.700000024392 P30 24 7 0
11878.600000025683 P33 25 7 0
12069.300000026376 P24 26 7 0
12099.500000026486 P27 27 7 0
12280.500000027145 P28 28 7 0
12485.30000002789 P15 29 7 0
12651.300000028494 P44 30 7 0
12759.000000028886 P7 31 7 0
13241.700000030642 P22 32 7 0
13413.000000031265 P11 33 7 0
14704.100000035962 P12 34 7 0
15544.200000039018 P4 35 7 0
17222.50000002987 P25 36 9 0
17487.000000026022 P48 37 9 0
17649.600000023656 P5 38 9 0
17932.300000019542 P40 39 9 0
18096.80000001715 P8 40 9 0
18435.900000012214 P39 41 9 0
18828.100000006507 P13 42 9 0
19724.399999993464 P18 43 9 0
20295.599999985152 P16 44 9 0
20527.799999981773 P10 45 9 0
27194.799999884755 P49 46 9 0
28392.699999867324 P0 47 9 0
28588.19999986448 P14 48 9 0
1415.1999999998084 P13 1 1 0
1971.6999999993022 P40 2 1 0
2067.2999999992153 P47 3 1 0
2263.5999999990368 P12 4 1 0
2578.0999999987507 P16 5 1 0
3341.099999998057 P20 6 1 0
3610.099999997812 P49 7 1 0
5771.000000003463 P26 8 1 2
7114.1000000083495 P17 9 3 3
7195.100000008644 P6 10 3 3
8086.900000011889 P9 11 5 1
8329.20000001277 P23 12 6 0
8381.800000012961 P29 13 6 0
8499.80000001339 P21 14 6 0
8832.0000000146 P28 15 6 0
8862.800000014711 P44 16 6 0
9057.000000015418 P31 17 6 0
9325.800000016396 P15 18 6 0
9363.900000016534 P35 19 6 0
9472.100000016928 P30 20 6 0
9548.500000017206 P1 21 6 0
9597.700000017385 P39 22 6 0
9844.600000018283 P38 23 6 0
10573.200000020934 P37 24 6 0
11086.4000000228 P19 25 6 0
11331.300000023692 P46 26 6 0
11518.800000024374 P5 27 6 0
13388.400000031175 P2 28 6 0
14892.100000036646 P18 29 8 1
15063.70000003727 P7 30 8 1
15090.300000037367 P22 31 8 1
15289.800000038093 P36 32 8 1
15295.500000038113 P48 33 8 1
15380.900000038424 P10 34 8 1
16731.500000037016 P34 35 9 0
16982.900000033358 P33 36 9 0
17124.4000000313 P45 37 9 0
17443.500000026655 P27 38 9 0
17558.900000024976 P41 39 9 0
17838.40000002091 P3 40 9 0
18397.300000012776 P42 41 9 0
18658.20000000898 P8 42 9 0
19206.400000001002 P11 43 9 0
19457.099999997354 P43 44 9 0
25936.099999903072 P14 45 9 0
1030.0000000001587 P12 1 0 0
2374.9999999989354 P36 2 0 2
2930.79999999843 P23 3 2 0
2944.3999999984176 P19 4 2 0
3276.899999998115 P1 5 2 0
3357.099999998042 P5 6 2 1
4096.09999999737 P17 7 3 0
4163.799999997616 P14 8 3 0
4164.199999997618 P26 9 3 0
4307.899999998141 P49 10 3 0
6962.300000007797 P8 11 3 1
9333.400000016423 P13 12 4 3
10324.500000020029 P4 13 5 2
10733.400000021516 P46 14 6 1
10857.000000021966 P47 15 7 0
10858.500000021972 P7 16 7 0
11111.800000022893 P9 17 7 0
11208.000000023243 P18 18 7 0
11214.600000023267 P32 19 7 0
11329.100000023684 P43 20 7 0
11849.800000025578 P35 21 7 0
11960.700000025981 P10 22 7 0
12078.30000002641 P15 23 7 0
12580.800000028237 P11 24 7 2
12710.200000028708 P16 25 8 1
13416.600000031278 P25 26 9 0
13950.0 P30 27 9 0
14369.600000034745 P40 28 9 0
14845.100000036475 P21 29 9 0
14874.900000036583 P0 30 9 0
14912.200000036719 P42 31 9 0
15252.100000037955 P33 32 9 0
15990.00000004064 P48 33 9 0
17017.80000003285 P41 34 9 0
17306.200000028653 P39 35 9 0
17384.20000002752 P22 36 9 0
18161.40000001621 P24 37 9 0
18452.80000001197 P2 38 9 0
18644.900000009173 P6 39 9 0
19010.0 P29 40 9 0
19281.9999999999 P34 41 9 0
19594.499999995354 P3 42 9 0
19891.999999991025 P31 43 9 0
20455.299999982828 P20 44 9 0
21286.69999997073 P38 45 9 0
21700.699999964705 P45 46 9 0
25297.299999912368 P28 47 9 0
5774.9000000034775 P9 1 1 0
7319.400000009096 P24 2 4 1
7330.500000009137 P22 3 4 1
7463.900000009622 P46 4 4 1
7546.600000009923 P12 5 5 0
7893.900000011186 P14 6 5 0
7972.100000011471 P31 7 5 1
8057.900000011783 P30 8 5 1
8058.900000011787 P47 9 5 1
8098.40000001193 P35 10 5 3
8121.300000012014 P19 11 5 3
8332.500000012782 P1 12 6 2
8377.100000012944 P23 13 6 2
8466.70000001327 P7 14 6 2
8482.400000013327 P42 15 6 2
8695.800000014104 P3 16 7 1
8715.000000014174 P17 17 7 1
8725.20000001421 P32 18 7 1
8804.400000014499 P11 19 7 1
8877.300000014764 P41 20 7 1
10020.800000018924 P29 21 8 0
10143.800000019372 P20 22 8 0
10155.900000019416 P0 23 8 0
10433.300000020425 P45 24 8 0
10544.100000020828 P37 25 8 0
10550.900000020853 P13 26 8 0
10656.800000021238 P15 27 8 0
10703.500000021408 P28 28 8 0
11402.30000002395 P2 29 8 0
11655.40000002487 P18 30 8 0
12289.000000027176 P33 31 8 0
13080.100000030054 P5 32 8 0
13745.100000032473 P27 33 8 0
13825.400000032765 P39 34 8 1
14048.100000033575 P34 35 8 1
14325.100000034583 P40 36 9 0
14585.100000035529 P48 37 9 0
14873.400000036578 P21 38 9 0
15371.50000003839 P6 39 9 0
15981.300000040608 P36 40 9 0
16822.900000035686 P49 41 9 0
19728.499999993404 P8 42 9 0
20387.19999998382 P43 43 9 0
22465.99999995357 P44 44 9 0
22781.599999948976 P25 45 9 0
22812.499999948526 P16 46 9 0
24283.199999927125 P38 47 9 0
217.7999999999919 P45 1 1 0
3166.5999999982155 P18 2 1 1
3493.599999997918 P9 3 2 0
6006.200000004319 P32 4 2 2
6551.900000006304 P10 5 3 2
7435.000000009517 P43 6 4 1
7460.70000000961 P21 7 4 1
7566.500000009995 P17 8 4 1
7621.300000010195 P7 9 4 2
7695.200000010464 P49 10 4 2
8167.800000012183 P42 11 5 2
9451.100000016851 P11 12 7 1
9550.500000017213 P36 13 7 1
9711.100000017797 P39 14 7 1
10175.600000019487 P4 15 8 1
10187.900000019532 P29 16 8 1
10260.200000019795 P19 17 8 1
10317.900000020005 P40 18 8 1
10338.000000020078 P20 19 8 1
10376.100000020217 P1 20 8 1
10403.700000020317 P5 21 8 1
10404.30000002032 P22 22 8 1
10446.200000020472 P14 23 8 1
10813.800000021809 P27 24 8 1
11503.000000024316 P8 25 9 0
11598.500000024664 P15 26 9 0
11600.00000002467 P30 27 9 0
11623.700000024755 P38 28 9 0
11651.400000024856 P23 29 9 0
11703.700000025046 P35 30 9 0
11843.200000025554 P34 31 9 0
12250.700000027036 P33 32 9 0
12273.000000027117 P25 33 9 0
12508.300000027974 P2 34 9 0
12753.200000028864 P24 35 9 0
12835.700000029165 P48 36 9 0
12848.800000029212 P13 37 9 0
13021.900000029842 P41 38 9 0
13045.100000029926 P26 39 9 0
15055.50000003724 P28 40 9 0
18296.500000014243 P0 41 9 0
19170.10000000153 P16 42 9 0
19471.89999999714 P37 43 9 0
21710.399999964564 P31 44 9 0
22084.59999995912 P12 45 9 0
24887.299999918334 P44 46 9 0
25053.79999991591 P47 47 9 0
28107.69999987147 P3 48 9 0
0.9999999999999999 P19 1 0 0
1284.699999999927 P15 2 0 1
1757.599999999497 P26 3 1 0
1783.2999999994736 P10 4 1 0
1820.8999999994394 P9 5 1 0
3222.4999999981646 P28 6 1 0
7300.700000009028 P13 7 1 0
8499.40000001339 P41 8 1 0
13874.900000032945 P20 9 1 6
15425.700000038587 P39 10 4 4
15541.400000039008 P34 11 5 3
15943.900000040472 P2 12 5 3
16132.200000041157 P5 13 6 2
16342.400000041922 P43 14 6 2
16645.30000003827 P0 15 7 1
16800.0 P24 16 8 0
16965.300000033614 P32 17 8 0
17080.500000031938 P30 18 8 1
17183.900000030433 P42 19 8 1
17234.2000000297 P37 20 8 1
17267.700000029214 P21 21 8 1
17619.500000024094 P44 22 9 0
17692.800000023028 P4 23 9 0
17757.000000022093 P14 24 9 0
17772.800000021864 P46 25 9 0
17845.30000002081 P49 26 9 0
17896.400000020065 P48 27 9 0
18213.400000015452 P47 28 9 0
18570.0 P17 29 9 0
18628.70000000941 P33 30 9 0
18637.700000009278 P36 31 9 0
18661.100000008937 P40 32 9 0
18793.200000007015 P38 33 9 0
18810.80000000676 P12 34 9 0
19454.199999997396 P11 35 9 0
19930.0 P3 36 9 0
21075.899999973797 P29 37 9 0
21185.099999972208 P23 38 9 0
21448.999999968368 P45 39 9 0
22101.399999958874 P8 40 9 0
22979.1999999461 P18 41 9 0
25450.799999910134 P6 42 9 0
7115.400000008354 P6 1 1 6
7988.100000011529 P1 2 2 5
8325.400000012756 P32 3 2 5
9584.200000017336 P13 4 4 3
9655.800000017596 P0 5 4 3
9687.700000017712 P46 6 4 3
9738.600000017897 P43 7 4 3
9830.20000001823 P34 8 5 2
10047.30000001902 P20 9 5 2
10267.600000019822 P44 10 5 2
10272.50000001984 P14 11 5 2
10390.300000020268 P17 12 6 1
10429.30000002041 P15 13 6 1
10591.000000020998 P22 14 6 2
10599.200000021028 P2 15 6 2
10665.300000021269 P36 16 6 2
10920.700000022198 P48 17 7 1
11000.500000022488 P9 18 7 1
11029.000000022592 P10 19 7 1
11090.400000022815 P25 20 7 1
11131.500000022965 P3 21 7 1
11524.600000024395 P29 22 7 1
11752.500000025224 P27 23 8 0
11917.000000025822 P31 24 8 0
12308.300000027246 P28 25 8 0
12388.100000027536 P35 26 8 0
12398.600000027574 P41 27 8 0
12440.500000027727 P26 28 8 0
12469.00000002783 P8 29 8 0
12513.900000027994 P21 30 8 0
12741.300000028821 P24 31 8 0
13107.500000030153 P49 32 8 0
13381.20000003115 P39 33 8 0
13750.400000032492 P42 34 8 0
14956.100000036879 P16 35 8 0
15167.900000037649 P19 36 8 0
15475.700000038769 P40 37 8 0
15610.90000003926 P37 38 8 0
15815.900000040006 P5 39 8 0
16791.10000003615 P11 40 8 0
17236.700000029665 P23 41 8 0
19104.10000000249 P4 42 8 0
19638.69999999471 P33 43 8 0
22494.499999953154 P47 44 8 1
24486.099999924172 P7 45 9 0
25921.399999903286 P18 46 9 0
28334.199999868175 P12 47 9 0
974.1000000001529 P31 1 1 0
2506.8999999988155 P38 2 1 0
6148.400000004836 P10 3 1 4
6762.700000007071 P35 4 2 5
7231.500000008777 P16 5 3 4
7544.900000009917 P7 6 3 4
7664.00000001035 P39 7 4 4
8167.300000012181 P8 8 5 3
8283.100000012602 P47 9 6 2
8342.400000012818 P23 10 6 2
8469.000000013279 P3 11 6 2
8872.200000014745 P45 12 7 1
9067.500000015456 P2 13 7 1
9094.400000015554 P6 14 7 1
9728.50000001786 P14 15 8 0
9815.900000018179 P9 16 8 0
9870.0 P46 17 8 0
9896.00000001847 P12 18 8 0
9998.200000018842 P27 19 8 0
10128.000000019314 P34 20 8 0
10621.60000002111 P19 21 8 0
10636.500000021164 P1 22 8 0
10698.70000002139 P41 23 8 0
10793.200000021734 P49 24 8 0
10847.700000021932 P40 25 8 0
11108.600000022881 P15 26 8 0
11235.000000023341 P4 27 8 0
11450.400000024125 P33 28 8 0
11469.100000024193 P37 29 8 0
11926.900000025858 P32 30 8 0
11968.60000002601 P17 31 8 0
12073.900000026393 P20 32 8 0
12119.80000002656 P22 33 8 0
12369.000000027467 P28 34 8 0
12730.600000028782 P43 35 8 1
13232.500000030608 P48 36 8 1
13416.800000031279 P0 37 9 0
13640.0 P25 38 9 0
15810.400000039986 P44 39 9 0
16058.100000040888 P29 40 9 0
16095.900000041025 P11 41 9 0
16657.500000038093 P13 42 9 0
16903.900000034508 P36 43 9 0
16947.300000033876 P24 44 9 0
19057.200000003173 P5 45 9 0
19373.59999999857 P26 46 9 0
20509.39999998204 P21 47 9 0
20554.79999998138 P30 48 9 0
21807.799999963147 P42 49 9 0
23138.399999943784 P18 50 9 0
