138.09999999999644 P48 1 0 0
153.99999999999554 P3 2 0 0
173.39999999999444 P35 3 0 0
1832.5999999994287 P19 4 0 0
2336.89999999897 P43 5 0 0
7302.200000009034 P37 6 0 0
7487.000000009706 P4 7 0 0
10807.100000021785 P44 8 0 0
14973.800000036943 P13 9 0 0
14976.000000036951 P9 10 0 0
15088.40000003736 P18 11 0 0
18483.400000011523 P36 12 0 0
20120.299999987703 P11 13 0 0
27442.59999988115 P27 14 0 0
0.30000000000000004 P39 1 0 0
936.5000000001444 P25 2 0 0
2209.7999999990857 P32 3 0 0
7406.100000009412 P33 4 0 0
7523.90000000984 P26 5 0 0
7668.600000010367 P28 6 0 0
8074.100000011842 P6 7 0 0
8639.100000013897 P34 8 0 0
9789.800000018084 P40 9 0 0
10434.500000020429 P12 10 0 0
12483.100000027882 P4 11 0 0
13295.700000030838 P10 12 0 0
14413.900000034906 P49 13 0 0
17940.70000001942 P11 14 0 0
23776.099999934504 P18 15 0 0
25365.299999911378 P31 16 0 0
26059.19999990128 P15 17 0 0
155.39999999999546 P43 1 0 0
3135.099999998244 P5 2 0 0
4933.900000000418 P12 3 0 0
5889.100000003893 P22 4 0 0
6633.2000000066 P45 5 0 0
10823.700000021845 P48 6 0 0
11355.000000023778 P39 7 0 0
12958.30000002961 P1 8 0 0
16827.200000035624 P25 9 0 0
17465.400000026337 P21 10 0 0
23811.49999993399 P2 11 0 0
25336.99999991179 P34 12 0 0
26922.899999888712 P40 13 0 0
102.09999999999847 P29 1 0 0
417.7000000000265 P24 2 0 0
2907.399999998451 P25 3 0 0
4564.699999999075 P9 4 0 0
4571.5999999991 P6 5 0 0
8823.80000001457 P39 6 0 0
13277.400000030771 P10 7 0 0
14260.300000034347 P49 8 0 0
17199.400000030208 P0 9 0 0
21278.799999970845 P38 10 0 0
237.99999999999076 P15 1 0 0
403.2000000000232 P16 2 0 0
5745.600000003371 P24 3 0 0
14033.900000033524 P5 4 0 0
15309.300000038163 P20 5 0 0
17389.00000002745 P28 6 0 0
19048.6000000033 P8 7 0 0
19977.799999989777 P14 8 0 0
20228.99999998612 P6 9 0 0
22977.79999994612 P41 10 0 0
0.7999999999999999 P43 1 0 0
812.2000000001161 P34 2 0 0
896.7000000001353 P48 3 0 0
5949.500000004113 P19 4 0 0
9687.30000001771 P49 5 0 0
10021.100000018925 P21 6 0 0
10707.00000002142 P23 7 0 0
12174.200000026758 P14 8 0 0
13262.100000030716 P3 9 0 0
13281.500000030786 P36 10 0 0
19629.19999999485 P38 11 0 0
19689.399999993973 P42 12 0 0
23623.79999993672 P17 13 0 0
24051.89999993049 P8 14 0 0
2622.79999999871 P39 1 0 0
3154.799999998226 P29 2 0 0
11838.300000025536 P15 3 0 0
12230.300000026962 P30 4 0 0
13796.50000003266 P27 5 0 0
15533.80000003898 P0 6 0 0
17960.100000019138 P18 7 0 0
22725.799999949788 P1 8 0 0
26083.39999990093 P13 9 0 0
100.29999999999858 P49 1 0 0
750.300000000102 P37 2 0 0
6426.9000000058495 P12 3 0 0
11626.100000024764 P13 4 0 0
11742.500000025188 P25 5 0 0
13950.20000003322 P38 6 0 0
14492.20000003519 P39 7 0 0
17486.50000002603 P5 8 0 0
18392.80000001284 P10 9 0 0
19228.000000000688 P20 10 0 0
19377.099999998518 P4 11 0 0
23766.299999934647 P15 12 0 0
0.5 P32 1 0 0
53.60000000000049 P3 2 0 0
226.29999999999143 P16 3 0 0
3544.7999999978715 P8 4 0 0
3942.09999999751 P34 5 0 0
4912.900000000342 P39 6 0 0
5636.500000002974 P48 7 0 0
16530.200000039946 P19 8 0 0
16545.500000039723 P12 9 0 0
16620.100000038638 P24 10 0 0
19909.899999990765 P33 11 0 0
20055.699999988643 P36 12 0 0
22546.2999999524 P9 13 0 0
23074.79999994471 P13 14 0 0
26880.099999889335 P28 15 0 0
213.99999999999213 P9 1 0 0
2272.099999999029 P14 2 0 0
5201.10000000139 P15 3 0 0
7797.300000010835 P6 4 0 0
9550.0 P33 5 0 0
14399.300000034853 P21 6 0 0
22012.29999996017 P43 7 0 0
24443.499999924792 P41 8 0 0
25573.899999908343 P10 9 0 0
27306.39999988313 P30 10 0 0
