1896.5999999993705 P63 1 1 7
2106.09999999918 P30 2 2 6
2122.799999999165 P8 3 2 6
2360.4999999989486 P50 4 2 6
2490.69999999883 P96 5 3 13
2492.7999999988283 P59 6 3 13
2655.4999999986803 P7 7 3 13
2773.9999999985725 P25 8 3 17
2839.1999999985132 P70 9 3 17
2950.499999998412 P6 10 3 17
3033.6999999983364 P27 11 4 16
3715.799999997716 P48 12 7 13
3717.999999997714 P31 13 7 18
3876.09999999757 P9 14 8 17
4182.599999997685 P71 15 8 17
4319.3999999981825 P12 16 9 16
4326.099999998207 P58 17 9 16
4353.699999998307 P93 18 9 16
4361.099999998334 P61 19 9 19
4363.599999998343 P79 20 9 19
4365.5999999983505 P51 21 9 19
4383.499999998416 P32 22 9 19
4393.399999998452 P37 23 9 19
4493.999999998818 P3 24 9 19
4577.7999999991225 P57 25 9 19
4584.3999999991465 P95 26 9 20
4695.699999999551 P54 27 9 20
4721.599999999646 P10 28 10 19
4851.800000000119 P74 29 10 19
4857.100000000139 P77 30 10 19
4857.800000000141 P60 31 10 19
5300.900000001753 P19 32 11 18
5322.200000001831 P86 33 11 21
5375.100000002023 P38 34 11 21
5503.3000000024895 P13 35 11 21
5562.4000000027045 P5 36 12 20
5930.600000004044 P87 37 13 19
6120.500000004735 P15 38 14 18
6181.900000004958 P75 39 14 18
6747.700000007017 P47 40 15 19
6943.000000007727 P81 41 15 19
7011.500000007976 P44 42 15 19
7315.900000009084 P20 43 16 20
7488.00000000971 P76 44 16 20
7521.500000009832 P97 45 16 20
7596.700000010105 P73 46 17 19
7878.700000011131 P1 47 17 19
7887.900000011165 P17 48 17 19
8016.000000011631 P94 49 18 18
8050.200000011755 P88 50 18 18
8412.100000013072 P83 51 19 17
8413.600000013077 P21 52 19 17
8516.500000013451 P34 53 19 17
8695.800000014104 P91 54 20 16
8843.20000001464 P2 55 20 16
8858.900000014697 P99 56 20 16
8922.600000014929 P67 57 20 16
8947.50000001502 P41 58 20 16
9099.00000001557 P43 59 21 15
9220.200000016011 P4 60 21 15
9981.900000018783 P68 61 22 14
10086.100000019162 P72 62 22 14
10445.300000020468 P55 63 23 13
10774.200000021665 P89 64 24 12
11291.300000023546 P23 65 25 11
11372.600000023842 P42 66 25 11
11385.60000002389 P64 67 25 11
11403.500000023954 P35 68 25 11
11425.800000024035 P11 69 25 11
11431.100000024055 P36 70 25 11
11490.800000024272 P39 71 25 11
11500.900000024309 P78 72 25 11
11547.300000024477 P33 73 25 11
11594.50000002465 P90 74 25 11
11703.800000025047 P46 75 25 11
11899.300000025758 P18 76 26 10
12171.400000026748 P22 77 26 10
12314.400000027268 P24 78 27 9
12840.600000029182 P52 79 28 8
13394.100000031196 P92 80 29 7
13519.400000031652 P45 81 29 7
13763.70000003254 P84 82 29 7
13970.600000033293 P62 83 30 6
14013.200000033448 P82 84 30 6
14056.200000033605 P40 85 30 6
14346.900000034662 P49 86 31 5
14373.400000034759 P26 87 31 5
14607.000000035609 P29 88 31 5
15176.100000037679 P65 89 32 4
15181.7000000377 P85 90 32 4
15239.100000037908 P69 91 32 4
15519.700000038929 P66 92 33 3
16274.000000041673 P14 93 36 0
16391.300000041967 P53 94 36 0
16859.600000035152 P16 95 36 0
17048.500000032403 P98 96 36 0
17168.000000030665 P80 97 36 0
19098.800000002568 P56 98 36 0
19120.500000002252 P0 99 36 0
19761.299999992927 P28 100 36 0
75.69999999999997 P66 1 0 0
518.9000000000494 P74 2 1 0
620.6000000000726 P67 3 1 0
917.40000000014 P50 4 1 1
1121.6000000000754 P22 5 2 0
1736.599999999516 P21 6 2 0
2046.4999999992342 P93 7 2 0
2210.9999999990846 P60 8 2 2
2217.199999999079 P87 9 2 2
2344.499999998963 P2 10 2 2
2439.299999998877 P44 11 3 10
3456.9999999979514 P68 12 5 13
3572.599999997846 P61 13 5 13
3928.2999999975227 P40 14 6 21
3938.1999999975137 P32 15 6 21
4055.7999999974068 P16 16 6 24
4149.399999997564 P51 17 6 24
4233.39999999787 P37 18 7 23
4449.299999998655 P33 19 7 23
4525.699999998933 P42 20 7 23
4539.399999998983 P26 21 7 23
4611.099999999244 P17 22 8 22
4654.599999999402 P72 23 8 23
4795.699999999915 P35 24 8 23
4826.400000000027 P24 25 8 26
4944.800000000458 P19 26 8 26
5046.500000000828 P46 27 8 26
5136.100000001154 P83 28 9 25
5177.600000001305 P53 29 9 25
5179.20000000131 P15 30 9 25
5318.500000001817 P86 31 9 25
5331.700000001865 P20 32 9 25
5368.300000001998 P56 33 9 25
5444.000000002274 P71 34 9 25
5487.600000002432 P91 35 9 25
5509.100000002511 P92 36 9 25
5528.400000002581 P5 37 9 25
5556.500000002683 P10 38 9 25
5588.7000000028 P29 39 10 24
5615.400000002897 P85 40 10 24
5642.200000002995 P76 41 10 24
5652.700000003033 P8 42 10 24
5701.600000003211 P84 43 10 24
5805.90000000359 P38 44 11 24
5877.20000000385 P54 45 11 24
5912.6000000039785 P27 46 11 24
5932.500000004051 P3 47 11 24
5970.400000004189 P82 48 11 24
6051.300000004483 P28 49 11 24
6232.300000005142 P30 50 12 23
6265.100000005261 P34 51 12 23
6329.100000005494 P77 52 12 23
6386.600000005703 P70 53 12 23
6436.100000005883 P62 54 12 23
6455.400000005953 P79 55 12 23
6472.100000006014 P43 56 12 23
6504.200000006131 P41 57 12 23
6592.800000006453 P25 58 12 23
6662.700000006707 P48 59 13 22
7149.500000008478 P59 60 14 21
7356.20000000923 P49 61 15 20
8086.800000011888 P78 62 18 17
8640.800000013904 P1 63 19 16
8741.70000001427 P45 64 19 16
9184.800000015883 P97 65 20 15
9286.800000016254 P36 66 20 15
9328.300000016405 P7 67 21 14
9489.700000016992 P63 68 21 14
9600.0 P12 69 21 14
9853.200000018314 P69 70 22 13
10176.700000019491 P90 71 23 12
10360.800000020161 P55 72 23 12
10836.800000021893 P88 73 24 11
11004.600000022503 P65 74 24 11
11101.200000022855 P11 75 25 10
11245.100000023378 P99 76 25 11
11295.900000023563 P23 77 25 11
11674.60000002494 P0 78 26 10
11881.000000025691 P96 79 26 10
11921.60000002584 P75 80 26 10
12366.200000027457 P73 81 27 9
12705.40000002869 P80 82 27 9
12897.400000029389 P64 83 28 8
13682.800000032246 P14 84 29 7
13955.000000033237 P9 85 29 7
14137.3000000339 P95 86 30 6
14967.800000036921 P47 87 32 4
15187.000000037719 P4 88 32 4
15476.900000038773 P39 89 32 4
15495.800000038842 P94 90 32 4
15641.900000039373 P6 91 33 3
15823.900000040036 P58 92 33 3
15929.300000040419 P31 93 33 3
18379.600000013033 P52 94 36 0
18834.500000006414 P98 95 36 0
19199.300000001105 P57 96 36 0
19420.599999997885 P13 97 36 0
19568.999999995725 P89 98 36 0
19624.499999994918 P81 99 36 0
19821.299999992054 P18 100 36 0
0.7 P33 1 0 0
2069.2999999992135 P9 2 0 0
3579.8999999978396 P19 3 2 20
4449.299999998655 P84 4 5 17
4482.3999999987755 P75 5 5 17
4526.899999998937 P88 6 5 17
4530.199999998949 P62 7 5 17
4544.599999999002 P45 8 5 23
4602.199999999211 P83 9 5 23
4677.899999999487 P77 10 5 26
4723.899999999654 P34 11 6 25
4753.699999999762 P22 12 6 25
4809.899999999967 P13 13 6 25
4863.200000000161 P20 14 6 26
5066.4000000009 P48 15 6 26
5078.000000000942 P65 16 6 26
5117.500000001086 P95 17 6 26
5128.000000001124 P53 18 6 26
5271.400000001646 P14 19 8 24
5441.400000002264 P87 20 8 24
5535.600000002607 P44 21 8 24
5536.600000002611 P61 22 8 24
5597.200000002831 P50 23 8 24
5628.700000002946 P76 24 8 24
5788.600000003527 P80 25 9 23
5796.300000003555 P28 26 9 25
5814.800000003623 P39 27 9 25
5919.2000000040025 P98 28 9 25
6248.3000000052 P3 29 10 24
6250.800000005209 P97 30 10 24
6524.100000006203 P42 31 11 23
6579.400000006404 P49 32 12 22
7091.900000008269 P46 33 14 20
7229.0000000087675 P2 34 14 21
7296.300000009012 P4 35 14 21
7536.700000009887 P90 36 14 21
7645.300000010282 P15 37 15 20
7927.500000011309 P85 38 15 20
8048.80000001175 P18 39 15 20
8068.10000001182 P0 40 15 20
8103.300000011948 P94 41 16 20
8140.900000012085 P69 42 16 20
8176.800000012216 P56 43 16 20
8189.200000012261 P47 44 16 20
8299.10000001266 P63 45 16 20
8417.900000013093 P1 46 16 20
8440.100000013173 P73 47 16 20
8445.300000013192 P64 48 16 20
8580.0 P70 49 17 19
8705.100000014138 P41 50 17 19
8710.400000014157 P26 51 17 19
8794.800000014464 P16 52 18 18
8912.300000014891 P78 53 18 18
9108.300000015604 P37 54 19 17
9125.700000015668 P67 55 19 17
9129.500000015682 P55 56 19 17
9296.70000001629 P43 57 19 17
9984.500000018792 P58 58 20 16
10158.700000019426 P5 59 21 15
10213.700000019626 P32 60 21 15
10423.300000020388 P60 61 21 15
10455.000000020504 P92 62 21 15
10582.400000020967 P36 63 21 15
10585.500000020978 P10 64 21 15
10756.5000000216 P17 65 22 14
10888.50000002208 P24 66 22 14
11012.400000022531 P89 67 22 14
11020.30000002256 P57 68 22 14
11132.90000002297 P30 69 23 13
11135.70000002298 P86 70 23 13
11313.400000023626 P91 71 23 13
11334.600000023704 P99 72 23 13
11345.800000023744 P6 73 23 13
11518.700000024373 P81 74 23 13
11545.20000002447 P71 75 23 13
11702.500000025042 P35 76 24 12
12375.20000002749 P27 77 25 11
13148.200000030301 P11 78 26 10
13452.80000003141 P68 79 27 9
13573.500000031849 P72 80 27 9
13834.500000032798 P79 81 28 8
14180.100000034055 P7 82 29 7
14243.700000034287 P23 83 29 7
15082.80000003734 P29 84 30 6
15280.200000038058 P59 85 31 5
15703.700000039598 P31 86 31 5
16248.000000041578 P54 87 32 4
16347.40000004194 P25 88 33 3
16674.700000037843 P12 89 34 2
16687.20000003766 P21 90 34 2
16950.50000003383 P40 91 35 1
17292.500000028853 P38 92 36 0
17878.400000020327 P96 93 36 0
17961.000000019125 P93 94 36 0
18209.100000015515 P66 95 36 0
18241.500000015043 P82 96 36 0
18405.000000012664 P74 97 36 0
20196.0999999866 P51 98 36 0
20814.5999999776 P8 99 36 0
23618.699999936794 P52 100 36 0
0.7999999999999999 P5 1 0 0
1083.60000000011 P80 2 0 5
1773.7999999994822 P93 3 2 9
2121.299999999166 P12 4 4 9
2156.3999999991343 P58 5 4 9
2281.2999999990207 P82 6 4 9
2290.999999999012 P63 7 5 8
2324.3999999989815 P31 8 5 8
2378.699999998932 P18 9 5 8
2538.4999999987867 P96 10 5 8
3119.0999999982587 P11 11 7 17
3366.5999999980336 P35 12 7 17
3402.199999998001 P54 13 7 19
3421.8999999979833 P19 14 7 19
3524.1999999978902 P47 15 7 20
3593.599999997827 P36 16 8 19
3613.9999999978086 P88 17 8 19
3624.1999999977993 P89 18 8 19
3640.6999999977843 P98 19 8 19
3705.699999997725 P51 20 8 19
3741.4999999976926 P60 21 8 22
3756.0999999976793 P76 22 8 22
3768.499999997668 P78 23 8 22
3769.599999997667 P65 24 8 22
3775.299999997662 P74 25 8 22
3808.7999999976314 P21 26 8 22
3859.699999997585 P52 27 8 23
3873.999999997572 P94 28 8 23
3925.599999997525 P86 29 8 23
3982.099999997474 P8 30 8 23
4017.5999999974415 P56 31 8 23
4032.399999997428 P38 32 8 23
4043.399999997418 P45 33 8 23
4060.2999999974027 P44 34 9 22
4145.799999997551 P24 35 9 22
4214.3999999978005 P64 36 9 22
4215.299999997804 P13 37 9 22
4283.299999998051 P53 38 9 22
4558.899999999054 P87 39 10 21
4588.09999999916 P77 40 10 21
4758.49999999978 P69 41 10 21
4962.800000000523 P23 42 11 20
4967.000000000538 P10 43 11 20
5013.300000000707 P91 44 11 20
5165.100000001259 P90 45 12 19
5552.200000002667 P39 46 14 19
5624.600000002931 P99 47 14 19
5692.400000003177 P68 48 14 19
5708.900000003237 P0 49 14 19
5742.100000003358 P84 50 15 18
5944.900000004096 P50 51 15 18
6028.100000004399 P55 52 15 18
6047.000000004467 P48 53 15 18
6191.100000004992 P43 54 15 18
6288.800000005347 P4 55 16 17
6598.7000000064745 P73 56 16 17
6647.100000006651 P3 57 16 17
6933.200000007691 P16 58 17 16
7031.9000000080505 P66 59 17 18
7056.1000000081385 P49 60 17 18
7192.800000008636 P9 61 17 18
7290.400000008991 P46 62 17 18
7856.100000011049 P22 63 19 16
8224.400000012389 P29 64 20 15
8297.100000012653 P85 65 20 15
8506.200000013414 P30 66 20 15
8810.10000001452 P26 67 21 14
9044.600000015373 P59 68 21 14
9252.100000016128 P6 69 22 13
9397.000000016655 P25 70 22 13
9814.200000018172 P41 71 23 13
9896.700000018473 P61 72 23 13
9919.300000018555 P42 73 23 13
10233.000000019696 P40 74 23 13
10432.20000002042 P7 75 24 12
10526.700000020764 P33 76 24 12
10594.600000021012 P15 77 24 12
10665.300000021269 P2 78 24 12
10944.300000022284 P70 79 25 11
11704.100000025048 P1 80 26 10
12107.500000026515 P14 81 27 9
12361.40000002744 P57 82 27 9
12630.0 P17 83 28 8
12911.800000029441 P72 84 29 7
12987.400000029716 P27 85 29 7
13402.500000031227 P97 86 29 7
13564.500000031816 P34 87 30 6
13720.300000032383 P62 88 30 6
13763.40000003254 P95 89 30 6
13967.00000003328 P32 90 30 6
14293.100000034467 P37 91 31 5
14334.900000034619 P71 92 31 5
14716.200000036006 P67 93 32 4
15026.200000037134 P20 94 32 4
15830.40000004006 P75 95 35 1
16890.7000000347 P92 96 36 0
17446.800000026607 P83 97 36 0
20216.899999986297 P81 98 36 0
23318.09999994117 P28 99 36 0
25554.299999908628 P79 100 36 0
202.89999999999276 P78 1 1 0
396.40000000002163 P20 2 1 1
1132.3000000000657 P83 3 1 4
1799.8999999994585 P62 4 2 5
2200.599999999094 P7 5 3 5
2234.799999999063 P60 6 3 5
2429.6999999988857 P59 7 4 5
2521.599999998802 P55 8 4 5
3131.999999998247 P63 9 5 7
3502.8999999979096 P27 10 6 13
3588.9999999978313 P28 11 7 12
3628.999999997795 P43 12 7 12
3630.2999999977937 P12 13 7 12
3695.1999999977347 P19 14 7 23
3718.5999999977134 P75 15 7 23
3809.8999999976304 P23 16 7 23
4236.899999997882 P57 17 8 24
4282.099999998047 P1 18 8 24
4402.799999998486 P84 19 8 24
4600.5999999992055 P17 20 9 23
4615.199999999259 P26 21 9 23
4650.799999999388 P98 22 9 23
5204.900000001404 P21 23 9 25
5251.100000001572 P67 24 9 25
5300.400000001751 P90 25 9 25
5477.2000000023945 P80 26 10 24
5495.20000000246 P85 27 10 24
5548.4000000026535 P73 28 10 24
5552.000000002667 P72 29 10 24
5780.800000003499 P24 30 10 24
5827.500000003669 P54 31 10 24
6015.800000004354 P58 32 10 24
6076.000000004573 P32 33 10 25
6309.400000005422 P18 34 10 25
6313.800000005438 P48 35 10 25
6356.900000005595 P42 36 10 25
6358.900000005602 P56 37 10 25
6440.7000000059 P16 38 10 25
6608.6000000065105 P89 39 11 24
6654.200000006676 P70 40 11 24
6797.600000007198 P9 41 11 24
6810.0 P88 42 11 24
6929.300000007677 P35 43 11 24
7055.600000008137 P91 44 11 24
7098.100000008291 P38 45 11 24
7168.400000008547 P40 46 11 24
7510.0 P92 47 11 24
7788.900000010804 P97 48 11 24
7793.6000000108215 P34 49 11 24
7923.900000011296 P50 50 11 24
7970.600000011465 P99 51 11 24
8122.800000012019 P39 52 11 24
8214.800000012354 P41 53 11 24
8500.500000013393 P74 54 11 24
9050.500000015394 P6 55 13 22
9248.700000016115 P3 56 13 23
10048.900000019026 P77 57 15 21
10868.000000022006 P87 58 16 20
10898.800000022118 P10 59 16 20
11029.600000022594 P44 60 16 20
11259.100000023429 P66 61 16 20
11360.000000023796 P51 62 16 20
11661.100000024891 P46 63 16 20
12135.300000026617 P33 64 16 20
12308.400000027246 P93 65 16 20
12324.600000027305 P31 66 17 19
12519.600000028015 P79 67 17 19
12592.30000002828 P49 68 17 19
12975.400000029673 P61 69 17 19
12985.70000002971 P22 70 17 19
13470.600000031474 P81 71 18 18
13881.400000032969 P71 72 18 18
14042.900000033556 P86 73 18 18
14177.800000034047 P45 74 18 18
14185.700000034076 P11 75 18 18
14191.600000034097 P52 76 18 18
14220.300000034202 P14 77 18 18
14392.90000003483 P82 78 18 18
14807.100000036336 P30 79 19 17
15120.0 P36 80 19 17
15166.500000037644 P5 81 19 17
15393.300000038469 P29 82 19 17
16336.900000041902 P2 83 20 16
16627.60000003853 P0 84 21 15
17700.20000002292 P53 85 23 13
17783.30000002171 P8 86 23 13
18114.200000016896 P25 87 24 12
18951.70000000471 P68 88 25 11
19553.799999995947 P37 89 26 10
19941.499999990305 P4 90 26 10
20660.799999979838 P76 91 26 10
21829.49999996283 P64 92 27 9
21972.59999996075 P13 93 27 9
22433.799999954037 P47 94 28 8
23530.99999993807 P65 95 29 7
25440.69999991028 P95 96 32 4
25910.299999903447 P94 97 33 3
26548.199999894165 P69 98 34 2
28173.399999870515 P96 99 35 1
57.20000000000054 P96 1 0 0
985.9000000001556 P93 2 2 2
1653.3999999995917 P31 3 4 0
1708.5999999995415 P62 4 4 0
1846.1999999994164 P71 5 4 0
1904.799999999363 P14 6 4 9
1931.399999999339 P65 7 4 9
1974.7999999992994 P19 8 4 9
1989.499999999286 P32 9 4 9
2187.699999999106 P21 10 4 9
2230.0 P97 11 4 9
2272.4999999990287 P1 12 4 9
2430.599999998885 P8 13 5 11
2591.7999999987383 P58 14 6 10
2668.3999999986686 P53 15 6 10
2708.8999999986318 P74 16 6 18
2765.59999999858 P16 17 6 18
2770.9999999985753 P70 18 6 18
2856.6999999984973 P60 19 6 18
3063.2999999983094 P11 20 7 17
3397.3999999980056 P87 21 8 16
3731.6999999977015 P99 22 10 14
3797.999999997641 P27 23 10 14
4332.5999999982305 P63 24 11 13
4538.099999998978 P80 25 12 12
4538.899999998981 P3 26 12 17
4567.599999999085 P35 27 12 17
4668.999999999454 P54 28 12 17
4987.1000000006115 P18 29 13 20
5003.3000000006705 P43 30 13 20
5067.9000000009055 P45 31 13 20
5353.300000001944 P0 32 14 19
5432.200000002231 P40 33 14 19
5552.90000000267 P66 34 14 19
6038.100000004435 P64 35 15 18
6314.30000000544 P4 36 16 17
6675.600000006754 P23 37 17 16
6880.5000000075 P55 38 17 17
6907.300000007597 P98 39 17 17
7028.500000008038 P52 40 18 16
7058.200000008146 P91 41 18 16
7311.600000009068 P68 42 19 15
7353.000000009219 P41 43 19 17
7412.6000000094355 P5 44 19 17
7542.700000009909 P17 45 19 17
7645.300000010282 P69 46 19 17
7758.200000010693 P46 47 19 17
7759.700000010698 P34 48 19 17
7821.100000010922 P12 49 20 16
7903.10000001122 P29 50 20 16
7921.500000011287 P92 51 20 16
7934.100000011333 P39 52 20 16
8118.300000012003 P75 53 20 16
8198.400000012294 P48 54 20 16
8327.100000012762 P15 55 21 15
8499.40000001339 P28 56 21 15
8504.300000013407 P61 57 21 15
8553.700000013587 P24 58 21 15
8758.600000014332 P82 59 21 15
8759.500000014335 P6 60 21 15
8829.200000014589 P37 61 21 15
8992.000000015181 P36 62 22 14
9003.000000015221 P30 63 22 14
9064.000000015443 P81 64 22 14
9086.400000015525 P90 65 22 14
9201.200000015942 P57 66 22 14
9353.700000016497 P85 67 22 14
9384.300000016608 P51 68 22 14
9443.600000016824 P83 69 22 14
9532.500000017148 P67 70 23 13
9703.300000017769 P2 71 23 13
9711.500000017799 P72 72 23 13
9839.200000018263 P73 73 23 13
9930.100000018594 P33 74 23 13
10027.80000001895 P13 75 24 12
10266.90000001982 P25 76 24 12
10281.400000019872 P50 77 24 12
10483.600000020608 P79 78 24 12
10520.00000002074 P20 79 25 11
10547.100000020839 P84 80 25 11
10676.80000002131 P9 81 25 11
10954.20000002232 P47 82 25 11
10967.300000022367 P77 83 25 11
11030.300000022597 P78 84 26 10
11037.900000022624 P89 85 26 10
11233.900000023337 P59 86 26 10
11727.000000025131 P44 87 27 9
13306.000000030876 P42 88 30 6
13798.400000032667 P10 89 31 5
14235.100000034256 P95 90 32 4
14564.900000035455 P88 91 32 4
14732.600000036065 P38 92 33 3
15017.800000037103 P86 93 33 3
15037.900000037176 P76 94 33 3
15542.10000003901 P94 95 35 1
16044.600000040838 P7 96 36 0
16162.100000041266 P26 97 36 0
16175.700000041315 P56 98 36 0
18948.80000000475 P49 99 36 0
22555.099999952272 P22 100 36 0
0.5 P48 1 0 0
2103.799999999182 P77 2 3 11
2146.699999999143 P66 3 3 11
2247.0999999990518 P17 4 4 10
2247.2999999990516 P22 5 4 10
2250.299999999049 P3 6 4 10
2258.1999999990417 P55 7 4 10
2303.799999999 P93 8 4 10
2427.7999999988874 P18 9 4 10
2430.1999999988852 P57 10 4 10
2458.1999999988598 P36 11 4 10
2467.2999999988515 P7 12 4 10
2514.199999998809 P0 13 4 10
2734.999999998608 P29 14 5 9
2750.399999998594 P50 15 5 11
3327.899999998069 P24 16 6 10
3366.4999999980337 P21 17 6 10
3512.6999999979007 P70 18 7 9
3517.999999997896 P85 19 7 9
4009.499999997449 P32 20 8 12
4040.3999999974208 P75 21 8 18
4290.899999998079 P11 22 9 17
4345.499999998277 P26 23 9 17
4423.699999998562 P40 24 9 17
4872.2000000001935 P56 25 10 17
4877.100000000211 P35 26 10 17
5058.0000000008695 P44 27 10 17
5061.200000000881 P59 28 10 17
5361.500000001974 P83 29 12 15
5425.500000002206 P12 30 12 15
5700.800000003208 P51 31 13 14
6058.900000004511 P13 32 14 14
6124.8000000047505 P47 33 14 14
6195.100000005006 P37 34 14 21
6341.70000000554 P15 35 15 20
6343.300000005545 P58 36 15 20
6357.300000005596 P6 37 15 20
6458.900000005966 P39 38 15 20
6459.100000005967 P74 39 15 20
6681.500000006776 P97 40 16 19
6866.300000007448 P92 41 16 19
6893.600000007547 P25 42 16 19
6916.40000000763 P45 43 16 19
6927.600000007671 P87 44 16 19
6952.00000000776 P73 45 16 19
6986.300000007885 P27 46 16 19
7097.400000008289 P68 47 17 18
7138.200000008437 P80 48 17 18
7198.400000008656 P71 49 17 18
7305.700000009047 P82 50 17 18
7356.600000009232 P9 51 18 17
7958.00000001142 P86 52 19 16
8002.600000011582 P54 53 19 16
8157.8000000121465 P76 54 19 16
8159.700000012153 P14 55 19 16
8317.300000012727 P67 56 20 15
8344.300000012825 P69 57 20 15
8378.50000001295 P81 58 20 15
8495.800000013376 P16 59 20 15
8821.20000001456 P61 60 20 15
9009.000000015243 P64 61 21 14
9138.600000015715 P43 62 21 14
9299.7000000163 P31 63 21 14
9423.30000001675 P8 64 22 13
9473.100000016932 P2 65 22 13
9543.100000017186 P1 66 22 13
9819.800000018193 P34 67 22 13
9879.800000018411 P52 68 23 12
9931.200000018598 P41 69 23 12
10628.000000021133 P65 70 24 11
10750.0 P72 71 24 11
10825.600000021852 P42 72 24 11
11003.500000022499 P53 73 25 10
11090.500000022816 P95 74 25 10
11177.200000023131 P88 75 25 10
11225.500000023307 P33 76 25 10
11368.300000023826 P90 77 25 10
11470.9000000242 P96 78 26 9
11477.900000024225 P4 79 26 9
11529.00000002441 P10 80 26 9
11577.000000024585 P98 81 26 9
11712.90000002508 P99 82 26 9
12011.500000026166 P84 83 27 8
12108.500000026519 P79 84 27 8
12277.900000027135 P46 85 27 8
12556.500000028149 P38 86 27 8
12853.000000029228 P78 87 28 7
13164.900000030362 P94 88 29 6
13500.0 P49 89 29 6
14117.300000033827 P91 90 30 5
14217.800000034193 P62 91 31 4
14413.300000034904 P30 92 31 4
14432.100000034972 P23 93 31 4
14557.400000035428 P63 94 31 4
14993.000000037013 P19 95 32 3
15691.900000039555 P89 96 35 0
16530.200000039946 P60 97 35 0
18386.10000001294 P28 98 35 1
19918.39999999064 P20 99 36 0
20389.499999983786 P5 100 36 0
1.3 P5 1 0 0
1.8000000000000005 P65 2 0 0
1076.900000000116 P52 3 0 3
1122.6000000000745 P7 4 1 2
1463.4999999997644 P29 5 3 2
1843.6999999994187 P55 6 5 2
2047.3999999992334 P70 7 5 4
2111.699999999175 P97 8 5 4
2474.9999999988445 P91 9 6 8
2483.6999999988366 P93 10 6 8
2484.9999999988354 P72 11 6 10
2647.3999999986877 P42 12 7 9
2660.8999999986754 P54 13 7 13
2894.6999999984628 P4 14 7 17
3052.3999999983193 P84 15 8 16
3057.7999999983144 P13 16 8 17
3101.399999998275 P43 17 8 17
3171.299999998211 P73 18 8 17
3280.399999998112 P74 19 8 17
3362.799999998037 P40 20 9 16
3405.2999999979984 P33 21 9 20
3559.2999999978583 P78 22 9 20
3592.499999997828 P89 23 9 20
3593.699999997827 P16 24 9 20
4522.899999998923 P96 25 11 18
4546.099999999007 P99 26 11 18
4929.600000000402 P39 27 12 17
5027.100000000757 P56 28 13 16
5081.400000000955 P71 29 13 19
5201.300000001391 P36 30 13 19
5250.300000001569 P24 31 13 19
5301.300000001755 P11 32 13 19
5314.800000001804 P17 33 13 19
5391.300000002082 P8 34 13 19
5432.300000002231 P94 35 14 18
5444.500000002276 P20 36 14 18
5541.400000002628 P32 37 14 18
5558.600000002691 P0 38 14 18
5620.500000002916 P3 39 14 18
5653.4000000030355 P14 40 14 18
5728.100000003307 P79 41 15 17
5735.200000003333 P15 42 15 17
5736.000000003336 P50 43 15 17
5742.100000003358 P34 44 15 17
5754.500000003403 P22 45 15 20
5769.4000000034575 P77 46 15 20
5861.000000003791 P47 47 16 19
5890.800000003899 P46 48 16 19
5993.400000004272 P88 49 16 19
6074.000000004566 P51 50 16 19
6171.50000000492 P45 51 16 19
6299.100000005385 P21 52 17 18
6316.200000005447 P38 53 17 18
6410.0 P61 54 17 18
6483.300000006055 P31 55 17 18
6599.700000006478 P26 56 17 18
6624.90000000657 P28 57 17 18
6629.000000006585 P92 58 17 18
6672.800000006744 P98 59 18 17
6868.100000007455 P12 60 18 17
7539.400000009897 P75 61 20 15
7788.500000010803 P19 62 20 15
7942.3000000113625 P41 63 21 14
7964.900000011445 P63 64 21 14
8019.800000011644 P85 65 21 14
8024.600000011662 P10 66 21 14
8185.000000012245 P35 67 21 14
8301.60000001267 P53 68 21 14
8324.200000012752 P57 69 21 14
8403.100000013039 P87 70 21 14
8782.100000014418 P66 71 22 13
8859.8000000147 P37 72 22 14
9323.300000016387 P80 73 23 13
9670.200000017649 P59 74 23 13
10242.30000001973 P62 75 25 11
10383.400000020243 P64 76 25 11
10790.700000021725 P69 77 26 10
10961.100000022345 P49 78 26 10
11000.0 P2 79 26 10
11168.8000000231 P6 80 26 10
11485.500000024253 P48 81 27 9
11514.600000024358 P83 82 27 9
11696.30000002502 P27 83 27 9
12630.200000028417 P68 84 29 7
12749.40000002885 P67 85 29 7
13378.80000003114 P60 86 30 6
13629.200000032051 P30 87 31 5
13685.300000032255 P81 88 31 5
13897.000000033026 P23 89 32 4
13988.90000003336 P25 90 32 4
14173.00000003403 P9 91 32 4
14329.8000000346 P90 92 32 4
14538.300000035359 P44 93 33 3
14575.400000035494 P82 94 33 3
15688.700000039544 P18 95 36 0
15715.900000039643 P76 96 36 0
15939.500000040456 P58 97 36 0
15953.800000040508 P86 98 36 0
16241.000000041553 P1 99 36 0
22171.69999995785 P95 100 36 0
56.10000000000053 P2 1 1 0
91.99999999999905 P20 2 1 0
740.3000000000998 P65 3 1 2
960.9000000001499 P51 4 2 4
1120.1000000000768 P32 5 2 4
1304.3999999999091 P37 6 2 4
1333.099999999883 P73 7 2 4
1563.4999999996735 P30 8 2 4
2621.3999999987113 P84 9 3 8
2725.8999999986163 P10 10 4 7
2729.7999999986127 P78 11 4 7
2900.4999999984575 P41 12 4 7
3160.399999998221 P53 13 5 13
3505.2999999979074 P79 14 6 12
3580.9999999978386 P95 15 6 12
3692.699999997737 P38 16 6 12
3708.8999999977223 P40 17 6 12
3853.5999999975907 P86 18 7 11
4106.199999997407 P97 19 8 17
4182.399999997684 P35 20 8 17
4213.599999997798 P54 21 8 18
4318.499999998179 P39 22 9 17
4344.099999998272 P75 23 9 17
4365.39999999835 P77 24 9 17
4380.899999998406 P5 25 9 17
4540.599999998987 P7 26 9 17
4553.199999999033 P99 27 9 17
4694.599999999547 P19 28 9 24
4728.799999999672 P24 29 9 24
4775.6999999998425 P57 30 9 24
4990.400000000624 P22 31 10 23
5191.100000001354 P4 32 10 23
5261.900000001611 P70 33 10 23
5511.500000002519 P27 34 10 23
5515.300000002533 P93 35 10 23
5529.500000002585 P28 36 10 23
5535.500000002607 P29 37 10 23
5541.000000002627 P8 38 10 23
5722.200000003286 P1 39 11 22
5742.300000003359 P80 40 11 22
5802.300000003577 P71 41 11 22
6049.800000004478 P33 42 11 22
6056.600000004502 P66 43 11 22
6175.1000000049335 P52 44 11 22
6207.900000005053 P36 45 11 22
6378.000000005672 P82 46 12 21
6630.600000006591 P16 47 13 20
6643.400000006637 P90 48 13 20
6665.5000000067175 P69 49 13 20
6678.600000006765 P89 50 13 20
6699.600000006842 P49 51 13 20
6715.000000006898 P67 52 13 20
7118.300000008365 P96 53 14 19
7136.700000008432 P55 54 14 21
7215.000000008717 P21 55 14 21
7692.900000010455 P31 56 15 21
8017.000000011634 P44 57 15 21
8110.0 P48 58 15 21
8164.4000000121705 P72 59 15 21
8214.900000012354 P26 60 15 21
8251.700000012488 P12 61 15 21
8251.900000012489 P94 62 15 21
8344.500000012826 P81 63 15 21
8360.000000012882 P83 64 15 21
8397.200000013017 P64 65 15 21
8633.900000013879 P6 66 16 20
9064.500000015445 P18 67 16 20
9237.000000016073 P88 68 16 20
9458.100000016877 P11 69 16 20
9551.200000017216 P98 70 16 20
9813.70000001817 P43 71 17 19
10102.00000001922 P3 72 17 19
10302.70000001995 P23 73 17 19
10353.300000020134 P62 74 17 19
10362.400000020167 P63 75 17 19
10512.900000020714 P0 76 17 19
10536.900000020802 P15 77 17 19
10559.700000020885 P34 78 17 19
10785.300000021705 P92 79 17 19
11360.000000023796 P58 80 17 19
11382.90000002388 P68 81 17 19
12048.2000000263 P50 82 17 19
12160.0 P25 83 17 19
12518.000000028009 P56 84 18 18
12678.800000028594 P60 85 18 18
13762.900000032538 P13 86 19 17
13806.900000032698 P14 87 19 17
16040.400000040823 P87 88 21 15
16217.300000041467 P91 89 21 15
18516.50000001104 P74 90 24 12
18570.400000010257 P17 91 24 12
18842.800000006293 P59 92 24 12
18962.200000004555 P45 93 25 11
19519.699999996443 P9 94 26 10
21972.49999996075 P46 95 27 9
24517.399999923717 P61 96 32 4
24991.099999916823 P42 97 33 3
25568.899999908415 P47 98 35 1
1.3 P67 1 0 0
1.7000000000000004 P53 2 0 0
696.7000000000899 P47 3 0 0
2229.7999999990675 P20 4 2 4
2339.4999999989677 P29 5 3 3
2390.2999999989215 P70 6 3 3
2433.1999999988825 P42 7 3 3
2581.299999998748 P50 8 3 3
3193.7999999981907 P30 9 5 1
3450.2999999979575 P27 10 6 0
3629.4999999977945 P4 11 6 0
3776.7999999976605 P22 12 6 0
3843.5999999975998 P43 13 6 0
4358.499999998325 P77 14 6 0
4513.399999998888 P75 15 6 22
4569.499999999092 P17 16 6 22
4688.999999999527 P28 17 6 22
4842.900000000087 P51 18 7 21
4962.200000000521 P83 19 7 21
5782.3000000035045 P59 20 9 23
6065.200000004534 P99 21 10 22
6167.600000004906 P7 22 10 25
6348.200000005563 P56 23 11 24
6418.70000000582 P62 24 11 24
6702.00000000685 P36 25 11 24
6744.600000007005 P91 26 11 24
6849.500000007387 P76 27 12 23
6923.000000007654 P13 28 12 23
6986.500000007885 P52 29 12 23
7068.2000000081825 P2 30 12 23
7133.000000008418 P23 31 12 23
7256.800000008869 P79 32 14 21
7340.200000009172 P87 33 14 21
7473.800000009658 P16 34 15 20
7487.400000009708 P68 35 15 20
7510.900000009793 P40 36 15 20
7720.800000010557 P60 37 15 20
7815.500000010901 P12 38 15 20
8040.60000001172 P1 39 16 19
8235.000000012427 P71 40 16 19
8337.5000000128 P39 41 16 19
8373.40000001293 P94 42 16 19
8442.300000013181 P6 43 16 19
8474.300000013298 P58 44 16 19
8528.800000013496 P38 45 17 18
8711.800000014162 P45 46 17 18
8792.300000014455 P92 47 17 18
8863.500000014714 P32 48 18 17
8870.200000014738 P14 49 18 17
8917.800000014911 P97 50 18 17
8966.200000015087 P3 51 18 17
9009.100000015243 P5 52 18 17
9121.300000015652 P34 53 18 17
9268.900000016189 P82 54 19 16
9544.00000001719 P18 55 20 15
9696.800000017745 P37 56 20 15
9790.000000018084 P24 57 20 16
10018.300000018915 P44 58 21 15
10027.400000018948 P89 59 21 15
10199.700000019575 P9 60 21 15
10291.300000019908 P69 61 21 15
10576.700000020946 P88 62 22 14
10614.400000021084 P35 63 22 14
10707.300000021422 P10 64 22 14
10716.800000021456 P64 65 22 14
11313.100000023625 P74 66 23 13
11408.900000023974 P8 67 23 13
11869.80000002565 P54 68 24 12
11884.800000025705 P61 69 24 12
11926.800000025858 P73 70 24 12
12365.300000027453 P21 71 25 11
12440.600000027727 P46 72 26 10
12824.900000029125 P65 73 26 10
12881.30000002933 P26 74 26 10
13131.10000003024 P55 75 27 9
13576.50000003186 P93 76 27 9
13969.100000033288 P78 77 28 8
14332.900000034611 P19 78 29 7
14497.000000035208 P33 79 29 7
14499.700000035218 P98 80 29 7
15018.800000037107 P80 81 30 6
15031.100000037151 P57 82 30 6
15105.500000037422 P72 83 30 6
15140.60000003755 P84 84 31 5
15165.50000003764 P49 85 31 5
15284.400000038073 P96 86 31 5
15412.100000038537 P48 87 31 5
15457.600000038703 P81 88 31 5
15516.900000038919 P11 89 31 5
15776.600000039864 P31 90 32 4
15982.700000040613 P66 91 32 4
16259.40000004162 P63 92 33 3
17937.000000019474 P85 93 36 0
19211.600000000926 P0 94 36 0
19931.199999990455 P90 95 36 0
20134.89999998749 P95 96 36 0
21666.299999965206 P15 97 36 0
21902.599999961767 P86 98 36 0
22370.699999954955 P25 99 36 0
23008.299999945677 P41 100 36 0
