1108.5000000000873 P8 1 0 0
13949.600000033217 P0 2 5 0
20700.999999979253 P9 3 5 0
22223.599999957096 P5 4 6 12
24682.89999992131 P2 5 11 7
24895.69999991821 P4 6 11 7
25222.699999913453 P7 7 12 6
28671.99999986326 P1 8 18 0
1420.7999999998033 P9 1 0 0
13812.500000032718 P5 1 1 9
15262.800000037994 P6 2 5 5
16026.800000040774 P9 3 7 9
16944.100000033923 P0 4 9 7
17211.100000030037 P8 5 9 8
18391.800000012856 P3 6 13 4
18780.0 P2 7 13 4
19019.70000000372 P1 8 14 3
20085.199999988214 P7 9 17 6
5342.800000001906 P7 1 3 3
5497.90000000247 P8 2 3 3
5938.700000004073 P1 3 5 1
6765.900000007083 P5 4 6 0
10288.600000019898 P9 5 10 0
17362.80000002783 P6 6 12 0
21316.79999997029 P2 7 17 0
22622.299999951294 P0 8 20 12
26741.099999891358 P4 9 29 3
27632.89999987838 P3 10 32 0
5798.100000003562 P6 1 3 5
5810.500000003607 P1 2 3 5
6999.500000007933 P9 3 6 2
8063.200000011802 P5 4 8 0
12948.400000029575 P2 5 10 2
15368.500000038379 P7 6 12 1
17352.300000027983 P8 7 13 0
18472.200000011686 P0 8 15 1
25050.899999915953 P3 9 24 0
25250.99999991304 P4 10 25 5
19592.09999999539 P6 1 1 10
19741.399999993217 P0 2 2 14
19767.099999992843 P7 3 2 14
20968.39999997536 P3 4 5 11
21123.599999973103 P8 5 5 11
21630.29999996573 P4 6 7 9
21848.999999962547 P2 7 7 11
25803.399999905003 P1 8 18 8
27291.29999988335 P5 9 21 5
27581.29999987913 P9 10 22 5
171.39999999999455 P7 1 0 0
12729.600000028779 P0 2 3 5
13608.400000031976 P1 3 6 2
13747.900000032483 P3 4 7 3
15242.900000037922 P6 5 10 0
17637.500000023832 P4 6 10 0
20420.0 P2 7 11 8
20759.4999999784 P8 8 11 8
22049.099999959635 P9 9 14 5
9197.70000001593 P2 1 0 4
11670.500000024926 P9 2 4 0
14247.1000000343 P3 3 9 8
14302.800000034502 P6 4 9 8
15180.700000037696 P0 5 11 6
15652.900000039413 P8 6 12 10
15792.30000003992 P4 7 12 10
16278.70000004169 P1 8 13 9
16348.400000041944 P5 9 13 9
19559.299999995867 P7 10 22 0
7747.4000000106535 P4 1 5 4
8216.40000001236 P6 2 6 3
8818.30000001455 P5 3 7 2
11495.000000024287 P1 4 9 0
15125.900000037496 P7 5 9 0
16751.80000003672 P2 6 12 4
16798.400000036043 P0 7 12 4
18214.30000001544 P3 8 16 0
18359.30000001333 P9 9 16 1
