690.7000000000885 P49 1 0 1
1444.6999999997815 P70 2 1 0
1552.6999999996833 P54 3 1 1
2008.7999999992685 P25 4 2 0
2121.299999999166 P0 5 2 0
2632.699999998701 P98 6 2 0
2642.2999999986923 P22 7 2 0
2659.5999999986766 P48 8 2 0
2677.0999999986607 P62 9 2 4
2936.9999999984243 P11 10 3 3
3493.899999997918 P52 11 5 3
3724.399999997708 P10 12 5 3
4265.199999997985 P84 13 6 2
4451.699999998664 P14 14 7 1
4937.10000000043 P69 15 8 4
4940.0 P59 16 8 4
4998.400000000653 P53 17 8 6
5319.30000000182 P74 18 8 6
5354.90000000195 P95 19 8 6
5540.600000002625 P32 20 9 5
5690.5000000031705 P16 21 9 5
5691.800000003175 P61 22 9 5
5748.20000000338 P46 23 9 7
5761.600000003429 P96 24 9 7
5776.8000000034845 P30 25 9 7
5932.30000000405 P97 26 9 7
5962.700000004161 P41 27 10 6
5966.000000004173 P36 28 10 6
6033.300000004418 P39 29 10 6
6081.500000004593 P77 30 10 6
6378.200000005672 P94 31 10 6
6508.500000006146 P35 32 11 5
6541.900000006268 P3 33 11 5
6557.900000006326 P20 34 11 5
6587.500000006434 P8 35 11 5
6691.900000006814 P93 36 11 5
6730.800000006955 P12 37 11 5
6802.000000007214 P28 38 11 5
7144.000000008458 P83 39 12 4
7179.8000000085885 P7 40 12 4
7282.200000008961 P81 41 12 4
7306.200000009048 P26 42 12 4
7350.800000009211 P23 43 12 4
7475.300000009664 P9 44 12 4
7478.000000009673 P2 45 12 4
7502.600000009763 P18 46 13 3
7507.800000009782 P42 47 13 3
7670.700000010374 P17 48 13 3
7751.700000010669 P58 49 13 3
7802.500000010854 P85 50 13 3
7828.600000010949 P31 51 13 3
7897.300000011199 P71 52 13 3
7910.0 P65 53 13 3
7927.80000001131 P40 54 14 2
7944.700000011371 P76 55 14 2
7958.20000001142 P56 56 14 2
8001.300000011577 P67 57 14 2
8091.700000011906 P19 58 14 2
8142.600000012091 P99 59 14 2
8300.0 P13 60 14 2
8321.700000012743 P66 61 14 2
8656.50000001396 P1 62 15 1
8720.800000014195 P44 63 15 1
8802.400000014492 P24 64 15 1
8814.000000014534 P15 65 15 1
9215.400000015994 P38 66 16 0
9407.700000016694 P21 67 16 0
9422.300000016747 P64 68 16 0
9422.400000016747 P37 69 16 0
9574.000000017299 P89 70 16 0
9737.700000017894 P82 71 16 0
9738.700000017898 P34 72 16 0
9912.50000001853 P51 73 16 0
10182.10000001951 P43 74 16 0
10232.300000019693 P60 75 16 0
10367.700000020186 P72 76 16 0
10413.00000002035 P73 77 16 0
10487.20000002062 P50 78 16 0
10613.000000021078 P45 79 16 0
10648.900000021209 P79 80 16 0
10952.700000022314 P6 81 16 0
11309.500000023612 P80 82 16 0
11480.400000024234 P68 83 16 0
11511.700000024348 P55 84 16 0
11519.300000024376 P29 85 16 0
11551.700000024493 P57 86 16 0
11567.10000002455 P4 87 16 0
11615.800000024727 P91 88 16 0
11637.400000024805 P27 89 16 0
11757.00000002524 P75 90 16 0
11848.900000025575 P87 91 16 0
12055.500000026326 P33 92 16 0
12622.80000002839 P88 93 16 0
12667.100000028551 P86 94 16 0
12682.100000028606 P63 95 16 0
12727.800000028772 P92 96 16 0
13102.600000030136 P78 97 16 0
13747.10000003248 P5 98 16 0
13872.500000032936 P47 99 16 0
14634.000000035707 P90 100 16 0
199.69999999999294 P25 1 0 0
403.3000000000232 P38 2 0 0
898.5000000001357 P16 3 1 0
1606.799999999634 P19 4 2 0
2219.199999999077 P68 5 2 0
2554.799999998772 P76 6 3 5
2602.899999998728 P36 7 3 5
2940.0999999984215 P62 8 4 4
2990.299999998376 P4 9 4 4
3375.999999998025 P2 10 5 3
4112.399999997429 P81 11 7 1
4177.399999997666 P42 12 7 6
4259.399999997964 P85 13 7 6
4294.999999998094 P18 14 7 7
4350.999999998297 P63 15 7 7
4365.5999999983505 P97 16 7 7
4404.599999998492 P21 17 8 6
4407.999999998505 P91 18 8 6
4472.59999999874 P46 19 8 6
4490.399999998805 P88 20 8 6
4493.499999998816 P94 21 8 6
4509.199999998873 P29 22 8 6
4585.199999999149 P44 23 8 6
4635.299999999332 P64 24 8 6
4635.999999999334 P95 25 8 6
4669.099999999455 P22 26 8 8
4687.999999999523 P69 27 8 8
4814.099999999982 P23 28 9 7
4844.500000000093 P11 29 9 7
4906.200000000317 P74 30 9 7
4932.300000000412 P3 31 9 7
4981.000000000589 P20 32 9 7
4991.2000000006265 P70 33 9 7
5035.600000000788 P48 34 9 7
5140.800000001171 P31 35 9 7
5141.700000001174 P79 36 9 7
5264.20000000162 P87 37 10 6
5347.700000001923 P89 38 10 6
5461.600000002338 P26 39 10 6
5492.200000002449 P80 40 10 6
5767.600000003451 P93 41 10 6
5790.200000003533 P37 42 11 5
5878.300000003854 P43 43 11 5
5995.40000000428 P59 44 11 5
6155.900000004864 P57 45 12 4
6295.900000005373 P32 46 12 4
6454.000000005948 P17 47 12 4
6773.30000000711 P96 48 13 3
6790.800000007173 P40 49 13 3
6906.300000007594 P73 50 13 3
7105.800000008319 P24 51 14 2
7243.100000008819 P14 52 14 2
7334.400000009151 P77 53 14 2
7368.600000009275 P7 54 14 2
7451.700000009578 P49 55 14 2
7463.2000000096195 P67 56 14 2
7512.7000000098 P30 57 14 2
7632.8000000102365 P51 58 14 2
7660.700000010338 P52 59 15 1
7982.400000011508 P82 60 15 1
8041.900000011725 P47 61 15 1
8445.700000013194 P61 62 16 0
8448.100000013203 P84 63 16 0
8563.700000013623 P86 64 16 0
8640.800000013904 P56 65 16 0
8664.200000013989 P0 66 16 0
8750.0 P66 67 16 0
8754.400000014317 P8 68 16 0
8762.600000014347 P28 69 16 0
8973.100000015113 P5 70 16 0
9047.000000015381 P41 71 16 0
9066.500000015452 P98 72 16 0
9073.90000001548 P58 73 16 0
9093.900000015552 P55 74 16 0
9143.600000015733 P83 75 16 0
9174.200000015844 P39 76 16 0
9217.100000016 P78 77 16 0
9253.300000016132 P90 78 16 0
9346.900000016472 P53 79 16 0
9446.600000016835 P71 80 16 0
9463.800000016898 P99 81 16 0
9630.0 P13 82 16 0
9773.100000018023 P92 83 16 0
9876.200000018398 P35 84 16 0
10104.90000001923 P72 85 16 0
10413.600000020353 P34 86 16 0
10628.400000021134 P33 87 16 0
11374.200000023848 P54 88 16 0
11645.800000024836 P65 89 16 0
12033.500000026246 P27 90 16 0
12086.300000026438 P60 91 16 0
12338.500000027356 P50 92 16 0
12400.10000002758 P9 93 16 0
12824.600000029124 P45 94 16 0
12966.800000029642 P1 95 16 0
13365.300000031091 P75 96 16 0
13546.50000003175 P15 97 16 0
16562.30000003948 P10 98 16 0
16900.000000034564 P6 99 16 0
17721.700000022607 P12 100 16 0
304.60000000000076 P69 1 0 0
1190.200000000013 P3 2 1 0
1204.7999999999997 P25 3 1 0
1260.9999999999486 P77 4 1 0
2491.999999998829 P52 5 4 0
2943.899999998418 P49 6 4 0
3680.2999999977483 P91 7 4 0
4128.199999997487 P11 8 4 0
4197.499999997739 P5 9 4 0
4527.59999999894 P99 10 4 0
4638.799999999344 P0 11 4 7
5067.300000000903 P27 12 5 6
5069.20000000091 P19 13 5 7
5100.100000001023 P6 14 5 7
5193.100000001361 P68 15 5 7
5227.6000000014865 P31 16 5 7
5253.500000001581 P67 17 5 7
5437.60000000225 P4 18 6 6
5754.900000003405 P33 19 6 6
5813.900000003619 P51 20 7 5
5850.800000003754 P76 21 7 5
5870.0 P1 22 7 5
5915.500000003989 P85 23 7 5
5946.4000000041015 P17 24 7 5
5948.200000004108 P40 25 7 5
5982.800000004234 P9 26 7 8
6185.900000004973 P72 27 7 8
6435.100000005879 P38 28 7 8
6546.800000006286 P62 29 8 8
6884.500000007514 P65 30 9 7
6908.0000000076 P81 31 9 7
7462.1000000096155 P24 32 10 6
7672.900000010382 P26 33 10 6
7880.400000011137 P34 34 11 5
7932.500000011327 P57 35 11 5
8085.5000000118835 P59 36 11 5
8145.7000000121025 P73 37 11 5
8228.500000012404 P80 38 11 5
8504.300000013407 P87 39 12 4
8518.90000001346 P74 40 12 4
9115.600000015631 P82 41 13 3
9491.500000016998 P32 42 14 2
9505.000000017048 P12 43 14 2
9555.700000017232 P46 44 14 2
9751.800000017945 P28 45 15 1
9802.200000018129 P75 46 15 1
9888.100000018441 P97 47 15 1
9909.80000001852 P79 48 15 1
10124.800000019302 P50 49 16 0
10155.900000019416 P44 50 16 0
10224.500000019665 P10 51 16 0
10482.300000020603 P95 52 16 0
10488.600000020626 P42 53 16 0
10576.200000020945 P56 54 16 0
10671.20000002129 P18 55 16 0
10694.900000021376 P83 56 16 0
10721.200000021472 P43 57 16 0
10762.800000021623 P47 58 16 0
10777.500000021677 P92 59 16 0
10791.700000021729 P53 60 16 0
10818.300000021825 P21 61 16 0
10820.400000021833 P84 62 16 0
10843.500000021917 P7 63 16 0
10864.500000021993 P86 64 16 0
10888.000000022079 P88 65 16 0
10891.800000022093 P98 66 16 0
10926.60000002222 P16 67 16 0
10974.600000022394 P94 68 16 0
10976.000000022399 P22 69 16 0
11021.800000022566 P58 70 16 0
11150.500000023034 P48 71 16 0
11158.400000023063 P36 72 16 0
11180.0 P71 73 16 0
11195.600000023198 P39 74 16 0
11250.0 P89 75 16 0
11303.30000002359 P61 76 16 0
11349.300000023757 P93 77 16 0
11394.500000023922 P54 78 16 0
11396.100000023927 P78 79 16 0
11439.300000024085 P66 80 16 0
11466.400000024183 P55 81 16 0
11572.100000024568 P15 82 16 0
11641.30000002482 P41 83 16 0
11642.700000024824 P60 84 16 0
11708.800000025065 P35 85 16 0
11755.200000025234 P90 86 16 0
11928.400000025864 P63 87 16 0
11972.300000026024 P30 88 16 0
12035.500000026253 P23 89 16 0
12808.200000029065 P2 90 16 0
12931.200000029512 P14 91 16 0
13014.100000029814 P64 92 16 0
13102.800000030136 P13 93 16 0
13771.90000003257 P29 94 16 0
14618.000000035649 P45 95 16 0
14668.200000035831 P8 96 16 0
15448.50000003867 P70 97 16 0
15893.300000040288 P37 98 16 0
16962.400000033656 P96 99 16 0
18274.900000014557 P20 100 16 0
0.6 P56 1 0 0
0.8999999999999999 P21 2 0 0
340.3000000000089 P15 3 0 0
455.7000000000351 P81 4 0 0
2886.1999999984705 P70 5 2 2
4336.899999998246 P67 6 4 0
4380.599999998405 P88 7 4 1
4469.299999998728 P30 8 4 1
4607.29999999923 P94 9 4 2
4608.999999999236 P12 10 4 2
4631.599999999318 P77 11 4 2
4696.899999999556 P33 12 4 2
4730.599999999678 P69 13 4 2
4738.399999999707 P7 14 4 2
4815.2999999999865 P58 15 4 4
4996.600000000646 P24 16 5 3
5104.80000000104 P49 17 5 3
5281.000000001681 P40 18 5 3
5351.400000001937 P38 19 5 3
5741.600000003356 P71 20 6 2
6035.400000004425 P6 21 7 2
6126.100000004755 P14 22 7 2
6475.200000006025 P96 23 7 6
6583.900000006421 P42 24 8 5
6714.000000006894 P45 25 8 5
6774.500000007114 P85 26 8 7
7043.300000008092 P46 27 9 6
7111.700000008341 P5 28 9 6
7143.800000008458 P8 29 9 6
7207.80000000869 P11 30 9 6
7297.500000009017 P64 31 10 5
7428.300000009493 P17 32 10 5
7445.500000009555 P97 33 10 5
7490.80000000972 P37 34 10 5
7499.500000009752 P63 35 10 5
7504.7000000097705 P50 36 10 5
7504.900000009771 P35 37 10 5
7743.200000010638 P74 38 10 5
7780.600000010774 P23 39 10 5
8218.000000012365 P86 40 12 3
8237.300000012436 P41 41 12 3
8310.400000012702 P10 42 12 3
8394.200000013007 P60 43 12 3
8506.000000013413 P26 44 12 3
8551.90000001358 P44 45 12 3
8694.000000014097 P65 46 13 2
8758.700000014333 P39 47 13 2
8763.30000001435 P48 48 13 2
8784.800000014427 P87 49 13 2
8877.100000014763 P20 50 13 2
8897.900000014839 P34 51 13 2
8922.400000014928 P66 52 13 2
8923.500000014932 P52 53 13 2
8935.000000014974 P53 54 13 2
8993.400000015186 P16 55 13 2
9044.700000015373 P59 56 13 2
9060.100000015429 P51 57 13 2
9338.10000001644 P91 58 15 0
9403.100000016677 P28 59 15 0
9420.100000016739 P43 60 15 0
9550.100000017212 P36 61 15 0
9552.900000017222 P73 62 15 1
9570.0 P61 63 15 1
9574.5000000173 P78 64 15 1
9591.600000017363 P89 65 15 1
9612.400000017438 P80 66 15 1
9618.800000017462 P98 67 15 1
9640.30000001754 P0 68 15 1
9846.40000001829 P18 69 15 1
9853.000000018314 P9 70 15 1
10097.100000019202 P79 71 16 0
10185.400000019523 P99 72 16 0
10282.600000019876 P19 73 16 0
10345.900000020107 P95 74 16 0
10410.0 P93 75 16 0
10470.200000020559 P68 76 16 0
10493.800000020645 P84 77 16 0
10886.600000022074 P3 78 16 0
11003.000000022497 P62 79 16 0
11318.400000023645 P72 80 16 0
11378.700000023864 P25 81 16 0
11696.30000002502 P29 82 16 0
11720.200000025106 P32 83 16 0
11782.300000025332 P13 84 16 0
11812.900000025444 P57 85 16 0
11820.20000002547 P47 86 16 0
11887.500000025715 P27 87 16 0
11960.900000025982 P55 88 16 0
12331.40000002733 P83 89 16 0
12480.300000027872 P2 90 16 0
12939.00000002954 P22 91 16 0
13080.700000030056 P92 92 16 0
13159.400000030342 P82 93 16 0
13164.30000003036 P90 94 16 0
13168.300000030375 P76 95 16 0
13192.00000003046 P1 96 16 0
13194.30000003047 P31 97 16 0
13571.600000031842 P75 98 16 0
16487.20000004057 P4 99 16 0
22279.299999956285 P54 100 16 0
0.2 P82 1 0 0
554.2000000000575 P63 2 0 1
683.1000000000868 P76 3 0 3
984.8000000001554 P25 4 1 2
1158.200000000042 P83 5 1 2
1299.8999999999132 P68 6 1 2
1433.4999999997917 P87 7 2 1
1730.6999999995214 P10 8 3 0
2617.0999999987152 P98 9 3 0
2728.499999998614 P3 10 3 0
2888.099999998469 P47 11 3 0
3120.0 P91 12 3 5
3140.1999999982395 P51 13 3 6
3155.2999999982258 P75 14 3 6
3181.199999998202 P52 15 3 8
3350.2999999980484 P34 16 3 8
3351.599999998047 P21 17 3 8
3509.099999997904 P58 18 4 7
3607.6999999978143 P7 19 5 6
3791.499999997647 P61 20 5 6
3970.999999997484 P79 21 5 6
4040.99999999742 P11 22 5 6
4136.799999997518 P13 23 6 5
5685.900000003154 P59 24 9 2
5706.500000003229 P43 25 9 2
5947.200000004104 P38 26 9 3
5956.500000004138 P67 27 10 3
6059.000000004511 P81 28 10 3
6216.800000005085 P57 29 10 3
6242.400000005178 P96 30 10 3
6260.6000000052445 P18 31 10 3
6387.700000005707 P90 32 10 3
6417.0000000058135 P41 33 10 3
6473.80000000602 P66 34 11 2
6478.100000006036 P15 35 11 2
6523.500000006201 P39 36 11 2
6524.400000006204 P6 37 11 2
6948.100000007746 P94 38 12 1
6973.500000007838 P1 39 12 1
7025.700000008028 P93 40 12 1
7055.300000008136 P62 41 12 1
7100.200000008299 P36 42 12 1
7140.700000008446 P33 43 12 1
7208.200000008692 P64 44 12 1
7234.800000008789 P84 45 12 1
7277.200000008943 P35 46 12 1
7359.600000009243 P74 47 12 1
7412.6000000094355 P69 48 13 0
7419.30000000946 P20 49 13 0
7454.500000009588 P97 50 13 0
7477.700000009672 P80 51 13 1
7548.100000009928 P95 52 13 1
7561.000000009975 P70 53 13 1
7634.200000010242 P16 54 13 1
7637.700000010254 P72 55 13 1
7750.7000000106655 P9 56 13 1
7884.3000000111515 P44 57 13 1
7930.100000011318 P71 58 13 1
7947.500000011381 P19 59 13 3
7964.3000000114425 P23 60 13 3
7998.500000011567 P89 61 13 3
8007.000000011598 P77 62 13 3
8128.300000012039 P92 63 14 2
8211.20000001234 P27 64 14 2
8378.60000001295 P78 65 14 2
8393.400000013004 P40 66 14 2
8655.000000013955 P85 67 14 2
8785.60000001443 P86 68 15 1
8814.500000014536 P55 69 15 1
8908.900000014879 P88 70 15 1
8937.400000014983 P46 71 15 1
8945.200000015011 P14 72 15 1
9006.900000015235 P73 73 15 1
9007.700000015238 P22 74 15 1
9215.000000015993 P60 75 16 0
9288.30000001626 P24 76 16 0
9305.400000016321 P2 77 16 0
9395.100000016648 P65 78 16 0
9511.700000017072 P50 79 16 0
9609.000000017426 P49 80 16 0
9690.200000017721 P45 81 16 0
9715.500000017813 P99 82 16 0
9734.400000017882 P42 83 16 0
10041.600000019 P17 84 16 0
10153.800000019408 P12 85 16 0
10196.200000019562 P54 86 16 0
10202.300000019584 P0 87 16 0
10335.000000020067 P30 88 16 0
10385.900000020252 P56 89 16 0
10519.500000020738 P32 90 16 0
10597.500000021022 P26 91 16 0
10599.80000002103 P8 92 16 0
10613.700000021081 P29 93 16 0
10673.200000021297 P31 94 16 0
10955.200000022323 P4 95 16 0
11030.200000022596 P5 96 16 0
12297.400000027206 P53 97 16 0
14180.400000034057 P37 98 16 0
15290.800000038096 P48 99 16 0
15968.900000040563 P28 100 16 0
447.8000000000333 P16 1 0 0
3073.0999999983005 P93 2 2 3
3286.3999999981065 P48 3 3 2
3530.899999997884 P12 4 4 4
3570.599999997848 P23 5 4 4
3602.9999999978186 P14 6 4 4
3767.0999999976693 P77 7 4 4
3768.599999997668 P82 8 4 4
4456.899999998683 P58 9 6 3
4511.19999999888 P87 10 6 8
4678.79999999949 P20 11 7 7
4940.700000000443 P84 12 8 6
5046.300000000827 P75 13 8 6
5083.800000000963 P10 14 8 6
5115.90000000108 P91 15 8 6
5319.800000001822 P99 16 8 6
5328.400000001853 P66 17 8 6
5358.600000001963 P64 18 9 5
5418.20000000218 P71 19 9 5
5424.7000000022035 P40 20 9 5
5425.400000002206 P60 21 9 5
5459.6000000023305 P56 22 9 5
5491.600000002447 P90 23 9 5
5512.500000002523 P68 24 9 5
5596.5000000028285 P3 25 9 5
5602.30000000285 P74 26 9 5
5623.800000002928 P92 27 9 5
5696.800000003193 P9 28 9 5
5768.700000003455 P26 29 10 4
5910.500000003971 P28 30 10 4
5978.000000004216 P11 31 10 4
5978.400000004218 P35 32 10 5
5988.400000004254 P30 33 10 5
6080.300000004589 P65 34 10 5
6177.400000004942 P55 35 10 5
6238.700000005165 P59 36 10 5
6242.300000005178 P42 37 10 5
6347.20000000556 P25 38 11 4
6357.800000005598 P17 39 11 4
6461.700000005976 P15 40 11 4
6500.0 P89 41 11 4
6535.700000006245 P80 42 11 4
6571.400000006375 P63 43 11 4
6618.400000006546 P95 44 11 4
6629.500000006587 P29 45 11 4
6715.300000006899 P72 46 11 4
6719.700000006915 P45 47 11 4
6800.400000007208 P54 48 12 3
6918.200000007637 P1 49 12 3
6924.50000000766 P88 50 12 3
6961.200000007793 P53 51 12 3
7085.900000008247 P86 52 12 3
7152.60000000849 P2 53 12 3
7208.400000008693 P67 54 12 3
7350.0 P6 55 13 2
7365.400000009264 P81 56 13 2
7420.000000009462 P94 57 13 2
7625.300000010209 P36 58 13 2
7635.200000010245 P21 59 13 3
7722.900000010564 P62 60 13 3
7869.700000011098 P18 61 14 2
7870.900000011103 P85 62 14 2
7894.90000001119 P83 63 14 2
7966.40000001145 P98 64 14 2
7983.100000011511 P78 65 14 2
7994.900000011554 P31 66 14 2
8020.800000011648 P0 67 14 2
8034.500000011698 P8 68 14 2
8054.000000011769 P44 69 14 2
8182.200000012235 P24 70 14 2
8257.50000001251 P79 71 14 2
8392.900000013002 P38 72 15 1
8425.900000013122 P39 73 15 1
8462.800000013256 P97 74 15 1
8745.300000014284 P19 75 16 0
8816.200000014542 P69 76 16 0
8977.90000001513 P32 77 16 0
9215.500000015994 P50 78 16 0
9419.600000016737 P13 79 16 0
10100.900000019215 P49 80 16 0
10441.000000020453 P61 81 16 0
10570.300000020923 P70 82 16 0
10726.800000021492 P46 83 16 0
11136.100000022981 P27 84 16 0
11266.100000023454 P96 85 16 0
11622.500000024751 P33 86 16 0
11818.600000025464 P7 87 16 0
12176.600000026767 P4 88 16 0
12352.500000027407 P76 89 16 0
13170.400000030382 P52 90 16 0
13187.800000030446 P51 91 16 0
14338.700000034632 P5 92 16 0
14446.800000035026 P47 93 16 0
15748.20000003976 P37 94 16 0
15998.30000004067 P41 95 16 0
16422.400000041514 P73 96 16 0
16512.10000004021 P34 97 16 0
20605.799999980638 P43 98 16 0
28366.09999986771 P57 99 16 0
0.2 P74 1 0 0
61.600000000000605 P90 2 0 0
583.100000000064 P25 3 0 0
892.4000000001344 P13 4 0 0
1317.799999999897 P86 5 1 1
1439.1999999997865 P88 6 1 1
1785.099999999472 P6 7 1 4
1925.699999999344 P75 8 1 4
2009.299999999268 P33 9 2 3
2162.5999999991286 P64 10 2 3
2219.7999999990766 P49 11 2 3
2243.499999999055 P18 12 2 3
2266.399999999034 P44 13 2 3
2266.699999999034 P60 14 2 3
2285.8999999990165 P38 15 2 3
2550.199999998776 P2 16 3 2
2682.5999999986557 P28 17 4 1
2917.699999998442 P35 18 5 0
3021.999999998347 P45 19 5 0
3023.8999999983453 P19 20 5 0
3077.3999999982966 P62 21 5 0
3100.8999999982752 P10 22 5 0
3116.399999998261 P43 23 5 0
3138.8999999982407 P29 24 5 0
3176.4999999982065 P22 25 5 0
3214.7999999981716 P76 26 5 0
3246.8999999981424 P48 27 5 0
3267.5999999981236 P72 28 5 0
3268.5999999981227 P63 29 5 0
3295.3999999980983 P39 30 5 0
3361.0999999980386 P12 31 5 0
3387.899999998014 P66 32 5 0
3521.099999997893 P27 33 5 0
3535.49999999788 P9 34 5 0
3651.4999999977745 P67 35 5 0
3774.8999999976622 P1 36 5 0
3990.499999997466 P92 37 5 0
4131.7999999975 P24 38 5 0
4170.0 P95 39 5 0
4238.799999997889 P56 40 5 0
4260.699999997969 P96 41 5 0
4450.59999999866 P73 42 5 0
5288.500000001708 P52 43 5 0
5992.000000004267 P51 44 5 0
6506.70000000614 P70 45 5 7
7404.600000009406 P11 46 8 4
7407.200000009416 P69 47 8 4
7440.500000009537 P21 48 8 6
7764.900000010717 P89 49 9 5
8265.600000012539 P97 50 10 4
8390.300000012992 P54 51 10 4
9474.100000016935 P53 52 12 2
9895.700000018469 P32 53 13 1
10054.700000019047 P40 54 13 2
10092.200000019184 P68 55 14 2
10303.800000019954 P30 56 14 2
10336.200000020071 P8 57 14 2
10385.900000020252 P26 58 14 2
10458.000000020515 P58 59 14 2
10505.900000020689 P0 60 14 2
10561.500000020891 P16 61 14 2
10608.500000021062 P83 62 14 2
10712.30000002144 P99 63 15 1
10722.500000021477 P80 64 15 1
10790.500000021724 P7 65 15 1
10946.500000022292 P79 66 15 1
10976.000000022399 P93 67 15 1
11065.900000022726 P31 68 15 1
11101.100000022854 P77 69 15 1
11112.400000022895 P17 70 15 1
11135.000000022977 P84 71 15 1
11199.600000023212 P91 72 15 1
11237.800000023351 P87 73 15 1
11312.600000023624 P94 74 15 1
11409.700000023977 P78 75 16 0
11478.600000024227 P82 76 16 0
11690.600000024999 P34 77 16 0
11717.000000025095 P41 78 16 0
11718.4000000251 P71 79 16 0
11775.000000025306 P85 80 16 0
11782.100000025332 P23 81 16 0
11905.100000025779 P37 82 16 0
11951.000000025946 P50 83 16 0
12196.100000026838 P47 84 16 0
12272.700000027116 P5 85 16 0
12353.000000027409 P15 86 16 0
12497.700000027935 P57 87 16 0
12684.200000028613 P98 88 16 0
12711.500000028713 P55 89 16 0
13324.900000030944 P81 90 16 0
13736.800000032443 P65 91 16 0
13840.200000032819 P59 92 16 0
14218.200000034194 P3 93 16 0
15732.200000039702 P36 94 16 0
16904.900000034493 P42 95 16 0
20846.79999997713 P61 96 16 0
21664.199999965236 P20 97 16 0
2175.599999999117 P28 1 2 0
2212.899999999083 P25 2 2 2
2215.99999999908 P81 3 2 2
2358.79999999895 P1 4 2 2
2403.09999999891 P31 5 2 5
3142.799999998237 P97 6 5 2
3496.4999999979154 P46 7 5 2
3536.2999999978792 P58 8 5 2
3550.999999997866 P37 9 5 2
3606.999999997815 P84 10 6 6
4551.499999999027 P78 11 7 5
4674.799999999475 P71 12 8 4
4717.599999999631 P21 13 8 4
4720.9999999996435 P17 14 8 4
4919.400000000365 P20 15 8 4
4946.200000000463 P44 16 8 4
5017.6000000007225 P34 17 8 4
5220.20000000146 P19 18 9 3
5227.300000001485 P94 19 9 3
5233.200000001507 P69 20 9 3
5268.200000001634 P57 21 9 3
5363.700000001982 P35 22 9 3
5450.600000002298 P63 23 9 3
5584.100000002783 P64 24 9 3
5611.500000002883 P26 25 9 3
5622.700000002924 P50 26 10 2
5723.100000003289 P33 27 10 5
5802.1000000035765 P39 28 10 5
5915.500000003989 P52 29 10 5
5963.800000004165 P87 30 10 5
5971.800000004194 P40 31 10 5
6033.600000004419 P53 32 10 5
6162.600000004888 P7 33 11 4
6430.100000005861 P16 34 11 4
6483.700000006056 P60 35 11 4
6555.900000006319 P42 36 11 4
6793.500000007183 P93 37 12 3
7085.900000008247 P45 38 13 2
7089.000000008258 P8 39 13 2
7146.200000008466 P83 40 13 2
7336.700000009159 P77 41 13 3
7380.400000009318 P74 42 13 3
7384.900000009335 P32 43 13 3
7410.000000009426 P99 44 13 3
7452.100000009579 P12 45 13 3
7472.200000009652 P95 46 13 3
7576.500000010032 P73 47 14 2
7704.400000010497 P66 48 14 2
7754.300000010679 P48 49 14 2
7759.600000010698 P65 50 14 2
7762.600000010709 P90 51 14 2
7819.000000010914 P23 52 14 2
7900.600000011211 P41 53 14 2
7921.300000011286 P2 54 15 1
7951.300000011395 P80 55 15 1
7997.900000011565 P72 56 15 1
8002.00000001158 P22 57 15 1
8009.1000000116055 P4 58 15 1
8071.700000011833 P54 59 16 0
8113.300000011985 P98 60 16 0
8596.800000013744 P76 61 16 0
8611.400000013797 P9 62 16 0
8628.80000001386 P56 63 16 0
8629.500000013863 P68 64 16 0
8977.300000015128 P51 65 16 0
9536.500000017162 P86 66 16 0
9616.200000017452 P70 67 16 0
9631.500000017508 P13 68 16 0
9794.4000000181 P49 69 16 0
9879.50000001841 P43 70 16 0
10139.300000019355 P96 71 16 0
10321.600000020018 P59 72 16 0
10333.600000020062 P92 73 16 0
10351.600000020127 P11 74 16 0
10354.500000020138 P14 75 16 0
10517.500000020731 P67 76 16 0
10550.900000020853 P82 77 16 0
10637.000000021166 P0 78 16 0
10653.900000021227 P85 79 16 0
10804.400000021775 P10 80 16 0
10833.600000021881 P6 81 16 0
10863.300000021989 P91 82 16 0
11085.000000022796 P38 83 16 0
11090.400000022815 P24 84 16 0
11236.800000023348 P29 85 16 0
11321.600000023656 P47 86 16 0
11385.100000023887 P15 87 16 0
11413.20000002399 P79 88 16 0
11582.700000024606 P61 89 16 0
11592.20000002464 P75 90 16 0
11738.800000025174 P36 91 16 0
11910.200000025798 P89 92 16 0
12306.200000027238 P18 93 16 0
12332.000000027332 P55 94 16 0
12341.400000027366 P62 95 16 0
14021.600000033479 P5 96 16 0
14371.10000003475 P27 97 16 0
14847.600000036484 P88 98 16 0
18003.30000001851 P3 99 16 0
20547.89999998148 P30 100 16 0
1657.499999999588 P39 1 1 0
2013.2999999992644 P75 2 1 2
2121.399999999166 P45 3 1 2
2213.5999999990822 P80 4 1 2
2578.79999999875 P7 5 2 1
2790.099999998558 P91 6 3 0
2945.099999998417 P52 7 3 0
2960.6999999984027 P95 8 3 0
3281.7999999981107 P84 9 3 0
3414.1999999979903 P51 10 3 0
3490.7999999979206 P57 11 3 7
3527.4999999978872 P21 12 3 7
3637.1999999977875 P32 13 4 6
3765.099999997671 P31 14 4 6
3908.7999999975405 P34 15 5 5
4035.1999999974255 P68 16 5 5
4037.5999999974233 P1 17 5 5
4153.0999999975775 P72 18 5 5
4346.29999999828 P70 19 5 5
4356.999999998319 P62 20 5 5
4515.899999998897 P90 21 6 4
4638.799999999344 P76 22 6 4
4731.799999999683 P48 23 6 6
5187.500000001341 P40 24 7 5
5380.800000002044 P85 25 7 5
5650.1000000030235 P86 26 8 6
5895.900000003918 P63 27 8 6
6178.800000004947 P2 28 9 7
6511.300000006157 P11 29 10 6
6511.400000006157 P60 30 10 6
6656.300000006684 P18 31 10 6
6821.400000007285 P15 32 10 6
6864.600000007442 P73 33 11 5
7007.00000000796 P82 34 11 5
7044.0000000080945 P43 35 11 5
7335.800000009156 P77 36 11 5
7374.100000009295 P19 37 11 5
7503.700000009767 P54 38 12 4
7550.500000009937 P36 39 12 4
7560.5000000099735 P24 40 12 4
7918.1000000112745 P23 41 13 3
7946.500000011378 P26 42 13 3
7972.300000011472 P83 43 13 3
7980.5000000115015 P55 44 13 3
8007.900000011601 P33 45 13 3
8105.100000011955 P41 46 13 3
8146.000000012104 P96 47 13 3
8146.100000012104 P27 48 13 3
8173.2000000122025 P89 49 13 3
8187.100000012253 P13 50 13 3
8199.600000012299 P88 51 13 3
8332.300000012781 P8 52 13 3
8373.30000001293 P53 53 13 3
8533.800000013514 P9 54 14 2
8542.600000013546 P58 55 14 2
8576.100000013668 P67 56 14 2
8620.70000001383 P20 57 14 2
8701.200000014123 P12 58 14 2
8824.10000001457 P22 59 14 2
8927.200000014946 P81 60 15 1
8927.500000014947 P59 61 15 1
8961.700000015071 P0 62 15 1
9143.100000015731 P56 63 16 0
9326.700000016399 P99 64 16 0
9399.200000016663 P49 65 16 0
9412.600000016711 P25 66 16 0
9424.200000016754 P93 67 16 0
9473.400000016933 P79 68 16 0
9537.700000017167 P35 69 16 0
9644.300000017554 P38 70 16 0
9921.600000018563 P94 71 16 0
9958.600000018698 P50 72 16 0
10076.500000019127 P71 73 16 0
10093.90000001919 P46 74 16 0
10149.700000019393 P5 75 16 0
10185.500000019523 P14 76 16 0
10236.000000019707 P42 77 16 0
10418.600000020371 P65 78 16 0
10431.90000002042 P28 79 16 0
10460.500000020524 P66 80 16 0
10466.200000020544 P97 81 16 0
10503.200000020679 P10 82 16 0
10832.300000021876 P16 83 16 0
10919.000000022192 P47 84 16 0
10979.300000022411 P87 85 16 0
11088.700000022809 P37 86 16 0
11229.10000002332 P74 87 16 0
11229.40000002332 P30 88 16 0
11359.200000023793 P92 89 16 0
11431.200000024055 P17 90 16 0
11523.40000002439 P78 91 16 0
11746.700000025203 P44 92 16 0
12010.0 P69 93 16 0
13597.400000031936 P64 94 16 0
13897.200000033026 P61 95 16 0
13988.000000033357 P29 96 16 0
14483.80000003516 P6 97 16 0
14728.900000036052 P3 98 16 0
14731.20000003606 P4 99 16 0
23262.499999941978 P98 100 16 0
0.6 P42 1 0 0
1.2 P54 2 0 0
300.2999999999998 P22 3 0 0
323.40000000000504 P50 4 0 1
674.0000000000847 P30 5 1 1
747.9000000001015 P2 6 1 1
807.100000000115 P17 7 1 1
939.8000000001451 P78 8 1 1
1012.5000000001617 P90 9 1 1
1205.9999999999986 P20 10 1 1
1221.8999999999842 P52 11 1 1
1222.4999999999836 P53 12 1 1
1534.6999999996997 P44 13 2 0
1538.1999999996965 P85 14 2 0
1702.499999999547 P29 15 2 0
1744.6999999995087 P33 16 2 0
2269.4999999990314 P61 17 2 0
3132.899999998246 P16 18 2 0
3890.699999997557 P67 19 5 3
4181.899999997682 P98 20 6 2
4198.599999997743 P58 21 6 3
4277.699999998031 P68 22 6 3
4306.299999998135 P9 23 6 3
4496.6999999988275 P31 24 7 4
4515.699999998897 P24 25 7 4
4683.399999999507 P28 26 7 4
4710.899999999607 P72 27 7 4
4919.000000000364 P95 28 7 5
4936.200000000426 P96 29 7 5
5096.70000000101 P93 30 8 4
5171.700000001283 P39 31 8 4
5262.000000001612 P71 32 8 4
5430.0 P62 33 8 4
5586.800000002793 P65 34 8 4
5663.300000003072 P55 35 9 3
5743.0000000033615 P40 36 9 5
6005.300000004316 P1 37 10 4
6244.1000000051845 P41 38 10 4
6353.300000005582 P43 39 10 4
6757.3000000070515 P89 40 11 4
6804.900000007225 P21 41 11 4
6863.800000007439 P19 42 11 5
6969.800000007825 P83 43 11 5
7040.200000008081 P49 44 11 5
7042.70000000809 P0 45 11 5
7186.1000000086115 P82 46 12 4
7302.000000009033 P59 47 12 4
7455.00000000959 P32 48 12 4
7747.200000010653 P69 49 13 3
7803.500000010858 P38 50 13 3
8180.80000001223 P12 51 14 2
8187.800000012256 P18 52 14 2
8223.800000012387 P73 53 14 2
8294.300000012643 P86 54 14 2
8329.00000001277 P97 55 14 2
8334.80000001279 P25 56 14 2
8337.900000012802 P88 57 14 2
8353.100000012857 P81 58 14 2
8407.800000013056 P80 59 14 2
8525.400000013484 P6 60 15 1
8704.900000014137 P3 61 15 1
9060.50000001543 P74 62 16 0
9137.600000015711 P87 63 16 0
9223.100000016022 P7 64 16 0
9263.000000016167 P84 65 16 0
9383.600000016606 P76 66 16 0
9615.40000001745 P10 67 16 0
9751.700000017945 P77 68 16 0
9831.800000018236 P36 69 16 0
9980.400000018777 P47 70 16 0
10945.90000002229 P64 71 16 0
11138.100000022989 P99 72 16 0
11286.600000023529 P79 73 16 0
11623.600000024755 P15 74 16 0
11708.200000025063 P46 75 16 0
11840.200000025543 P51 76 16 0
11915.200000025816 P63 77 16 0
12107.500000026515 P23 78 16 0
12223.100000026936 P56 79 16 0
12369.80000002747 P8 80 16 0
12370.300000027471 P37 81 16 0
12498.500000027938 P11 82 16 0
12499.400000027941 P13 83 16 0
12765.200000028908 P92 84 16 0
12827.800000029136 P70 85 16 0
13287.600000030809 P91 86 16 0
13324.400000030942 P60 87 16 0
13863.300000032903 P48 88 16 0
14263.90000003436 P66 89 16 0
14398.200000034849 P26 90 16 0
14424.200000034944 P4 91 16 0
14494.200000035198 P34 92 16 0
15760.100000039803 P45 93 16 0
16005.400000040696 P57 94 16 0
17030.700000032663 P5 95 16 0
17968.600000019014 P27 96 16 0
18672.60000000877 P35 97 16 0
19518.099999996466 P14 98 16 0
20466.89999998266 P94 99 16 0
24790.999999919735 P75 100 16 0
