3161.0999999982205 P23 1 0 0
5258.000000001597 P14 2 0 1
6024.800000004387 P37 3 1 1
6533.0000000062355 P46 4 2 0
7229.70000000877 P5 5 2 0
7311.800000009069 P16 6 2 0
7450.0 P30 7 2 0
7565.00000000999 P28 8 2 0
9590.000000017357 P38 9 2 0
10313.70000001999 P21 10 2 0
10829.100000021865 P8 11 2 0
10894.300000022102 P9 12 2 0
11409.700000023977 P31 13 2 0
12816.500000029095 P47 14 2 0
14492.00000003519 P25 15 2 0
15337.300000038265 P15 16 2 2
15597.00000003921 P12 17 2 2
16115.300000041096 P43 18 3 1
17615.500000024153 P7 19 4 0
17754.700000022127 P0 20 4 0
17854.600000020673 P4 21 4 0
18057.800000017716 P41 22 4 0
18137.500000016556 P42 23 4 0
18351.800000013438 P39 24 4 0
18426.60000001235 P40 25 4 0
18592.90000000993 P19 26 4 0
19443.899999997546 P27 27 4 0
19913.299999990715 P13 28 4 0
20450.199999982902 P20 29 4 0
20969.79999997534 P11 30 4 0
21868.299999962266 P3 31 4 0
22795.499999948774 P44 32 4 0
25327.099999911934 P2 33 4 0
25612.099999907787 P34 34 4 0
25773.599999905437 P17 35 4 0
26141.999999900076 P49 36 4 0
26143.999999900047 P26 37 4 0
26208.699999899105 P33 38 4 0
26341.799999897168 P18 39 4 0
26432.599999895847 P22 40 4 0
26691.199999892084 P32 41 4 0
27556.69999987949 P48 42 4 0
231.39999999999114 P19 1 0 0
2897.9999999984598 P21 2 1 0
3655.5999999977707 P48 3 1 0
5830.200000003679 P40 4 1 0
6233.000000005144 P33 5 1 1
6290.100000005352 P25 6 1 1
6986.200000007884 P43 7 2 0
7193.90000000864 P1 8 2 1
7206.700000008686 P5 9 2 1
7247.000000008833 P46 10 2 1
7267.400000008907 P31 11 2 1
7979.000000011496 P32 12 3 0
8506.200000013414 P27 13 3 0
8902.500000014856 P8 14 3 0
8929.100000014952 P4 15 3 1
9081.400000015507 P24 16 3 1
9306.700000016326 P15 17 3 1
10141.400000019363 P47 18 4 0
10554.000000020864 P39 19 4 0
10641.400000021182 P13 20 4 0
10753.900000021591 P23 21 4 0
11067.10000002273 P2 22 4 0
11152.20000002304 P36 23 4 0
12781.900000028969 P14 24 4 0
12834.800000029161 P45 25 4 0
12941.200000029548 P44 26 4 0
13699.600000032307 P0 27 4 0
14317.800000034556 P26 28 4 0
14670.50000003584 P37 29 4 0
15810.100000039985 P11 30 4 0
17291.700000028864 P10 31 4 0
18570.500000010255 P20 32 4 0
19304.89999999957 P17 33 4 0
19443.999999997544 P49 34 4 0
19505.49999999665 P12 35 4 0
22077.69999995922 P22 36 4 0
27172.799999885076 P18 37 4 0
27184.499999884905 P38 38 4 0
854.8000000001258 P48 1 0 0
4468.3999999987245 P19 2 2 1
4581.899999999137 P26 3 3 0
4763.299999999797 P29 4 3 0
5102.20000000103 P38 5 3 0
5186.900000001338 P47 6 3 0
5282.3000000016855 P34 7 3 0
5546.800000002648 P16 8 3 0
5550.600000002662 P45 9 3 0
5582.2000000027765 P9 10 3 0
5623.900000002928 P10 11 3 0
5638.700000002982 P11 12 3 0
5735.600000003335 P40 13 3 0
5931.000000004045 P31 14 3 0
5988.800000004256 P30 15 3 1
6237.5000000051605 P14 16 3 1
6401.400000005757 P28 17 4 0
6506.500000006139 P0 18 4 0
7394.60000000937 P22 19 4 0
7443.200000009547 P7 20 4 0
8035.800000011703 P35 21 4 0
9263.90000001617 P49 22 4 0
9345.900000016469 P17 23 4 0
11013.800000022537 P36 24 4 0
11027.100000022585 P4 25 4 0
11595.300000024652 P5 26 4 0
12113.900000026539 P24 27 4 0
14004.800000033418 P3 28 4 0
14741.300000036097 P8 29 4 0
16746.000000036805 P44 30 4 0
18544.10000001064 P6 31 4 0
22230.79999995699 P42 32 4 0
24732.099999920592 P21 33 4 0
26330.999999897325 P41 34 4 0
27520.99999988001 P46 35 4 0
28397.899999867248 P20 36 4 0
2.1000000000000005 P17 1 0 0
113.8999999999978 P5 2 0 0
432.90000000002993 P10 3 0 0
1724.3999999995272 P42 4 0 0
1881.3999999993844 P27 5 0 0
2308.7999999989956 P3 6 0 0
4071.1999999973928 P48 7 1 0
5229.000000001492 P24 8 1 0
6485.000000006061 P35 9 1 1
6821.600000007285 P29 10 1 2
7215.500000008718 P1 11 2 1
8055.100000011773 P19 12 3 0
8475.600000013303 P13 13 3 0
8485.500000013339 P26 14 3 0
8583.000000013693 P41 15 3 0
8638.800000013896 P39 16 3 0
8801.100000014487 P45 17 3 0
8819.600000014554 P22 18 3 0
10521.900000020747 P8 19 3 0
11931.300000025874 P40 20 3 0
12088.700000026447 P11 21 3 0
14559.100000035434 P28 22 3 0
14637.000000035718 P34 23 3 0
15908.400000040343 P46 24 3 0
17378.6000000276 P47 25 3 1
17568.500000024836 P12 26 4 0
17847.400000020778 P38 27 4 0
18157.90000001626 P2 28 4 0
19480.0 P31 29 4 0
19596.399999995327 P15 30 4 0
19968.199999989916 P49 31 4 0
20460.59999998275 P37 32 4 0
21313.099999970345 P18 33 4 0
23091.29999994447 P33 34 4 0
23698.899999935627 P4 35 4 0
25118.099999914975 P36 36 4 0
25734.599999906004 P23 37 4 0
25957.699999902758 P6 38 4 0
26120.899999900383 P14 39 4 0
28581.99999986457 P44 40 4 0
299.5999999999996 P49 1 0 0
3801.599999997638 P31 2 0 0
9931.5000000186 P20 3 0 1
10823.200000021843 P26 4 1 2
11598.900000024665 P16 5 2 1
11600.800000024672 P28 6 2 2
11952.700000025952 P30 7 3 1
11978.500000026046 P48 8 3 1
12221.40000002693 P4 9 4 0
13307.800000030882 P0 10 4 0
13597.800000031937 P44 11 4 0
13654.700000032144 P41 12 4 0
13710.200000032346 P36 13 4 0
13802.20000003268 P35 14 4 0
13866.800000032916 P24 15 4 0
13950.30000003322 P14 16 4 0
13950.700000033221 P11 17 4 0
14018.500000033468 P34 18 4 0
14156.100000033968 P25 19 4 0
14266.60000003437 P39 20 4 0
14478.600000035141 P43 21 4 0
14830.800000036423 P18 22 4 0
15239.50000003791 P3 23 4 0
16915.700000034336 P13 24 4 0
17102.100000031623 P8 25 4 0
17288.900000028905 P17 26 4 0
17485.500000026044 P23 27 4 0
17508.600000025708 P12 28 4 0
17954.700000019217 P22 29 4 0
18300.300000014187 P27 30 4 0
18677.900000008693 P37 31 4 0
18721.200000008062 P29 32 4 0
20178.99999998685 P7 33 4 0
20830.699999977365 P10 34 4 0
21943.499999961172 P46 35 4 0
23641.399999936464 P2 36 4 0
23683.799999935847 P45 37 4 0
26394.999999896394 P42 38 4 0
27652.699999878092 P9 39 4 0
28721.49999986254 P1 40 4 0
2153.499999999137 P37 1 0 1
2785.699999998562 P12 2 1 0
3632.4999999977917 P7 3 1 0
3801.1999999976383 P18 4 1 1
4507.999999998869 P47 5 2 0
5501.600000002483 P41 6 2 0
7755.600000010683 P6 7 2 0
7938.600000011349 P35 8 2 1
8449.100000013206 P40 9 2 2
9330.900000016414 P48 10 4 0
9601.9000000174 P1 11 4 0
9732.200000017874 P24 12 4 0
10089.700000019175 P3 13 4 0
11164.800000023086 P43 14 4 0
11189.700000023176 P30 15 4 0
11653.900000024865 P5 16 4 0
11701.500000025038 P34 17 4 0
12156.600000026694 P33 18 4 0
12993.400000029738 P46 19 4 0
12995.800000029747 P17 20 4 0
13305.000000030872 P39 21 4 0
13456.200000031422 P28 22 4 0
13488.80000003154 P42 23 4 0
13638.700000032086 P49 24 4 0
13793.60000003265 P36 25 4 0
14978.40000003696 P19 26 4 0
15359.200000038345 P32 27 4 0
15989.600000040638 P21 28 4 0
18483.100000011527 P45 29 4 0
19299.39999999965 P22 30 4 0
19515.19999999651 P10 31 4 0
19738.599999993257 P4 32 4 0
20406.099999983544 P13 33 4 0
24286.099999927083 P44 34 4 0
26518.99999989459 P9 35 4 0
28693.99999986294 P8 36 4 0
568.3000000000607 P8 1 0 0
1300.7999999999124 P9 2 0 0
3201.199999998184 P4 3 1 0
3367.399999998033 P47 4 1 0
3738.0999999976957 P36 5 1 0
3741.299999997693 P7 6 1 0
4710.499999999605 P3 7 1 0
6888.100000007527 P14 8 1 1
8306.100000012686 P43 9 2 0
8330.400000012774 P40 10 2 2
8334.60000001279 P2 11 2 2
8457.300000013236 P31 12 2 2
8474.300000013298 P0 13 2 2
9689.80000001772 P17 14 4 0
9944.500000018646 P34 15 4 0
10075.400000019123 P39 16 4 0
11526.900000024403 P35 17 4 0
11822.90000002548 P16 18 4 0
12619.500000028378 P44 19 4 0
12698.000000028664 P33 20 4 0
12731.500000028786 P19 21 4 0
12829.700000029143 P48 22 4 0
12945.000000029562 P21 23 4 0
13009.800000029798 P13 24 4 0
13028.200000029865 P12 25 4 0
14637.900000035721 P41 26 4 0
16373.000000042033 P25 27 4 0
16431.70000004138 P45 28 4 0
16792.30000003613 P1 29 4 0
17743.50000002229 P26 30 4 0
17821.500000021155 P5 31 4 0
24899.099999918162 P28 32 4 0
26376.79999989666 P27 33 4 0
26480.099999895156 P6 34 4 0
27378.099999882088 P15 35 4 0
468.60000000003805 P38 1 0 0
895.000000000135 P30 2 0 0
1066.4000000001256 P49 3 0 0
3142.0999999982378 P48 4 0 0
3740.7999999976932 P12 5 0 0
7033.900000008058 P8 6 1 2
8268.400000012549 P3 7 3 1
8310.900000012703 P26 8 3 1
8357.700000012874 P33 9 3 1
8809.400000014517 P41 10 4 0
9031.900000015326 P24 11 4 0
9051.800000015399 P27 12 4 0
9321.200000016379 P16 13 4 0
9343.200000016459 P46 14 4 0
9435.900000016796 P4 15 4 0
9566.500000017271 P0 16 4 0
9825.100000018212 P9 17 4 0
10039.400000018992 P21 18 4 0
10189.000000019536 P1 19 4 0
10191.600000019545 P44 20 4 0
10201.500000019581 P2 21 4 0
10320.000000020013 P39 22 4 0
10481.7000000206 P5 23 4 0
10595.300000021014 P23 24 4 0
10697.100000021384 P11 25 4 0
10837.900000021897 P31 26 4 0
10868.800000022009 P15 27 4 0
10995.200000022469 P6 28 4 0
11076.000000022763 P42 29 4 0
11114.500000022903 P17 30 4 0
11355.50000002378 P29 31 4 0
11518.400000024372 P20 32 4 0
11544.900000024469 P19 33 4 0
11747.300000025205 P32 34 4 0
11834.700000025523 P34 35 4 0
12089.50000002645 P22 36 4 0
13272.500000030754 P13 37 4 0
13690.900000032276 P28 38 4 0
14983.500000036978 P7 39 4 0
15184.100000037708 P36 40 4 0
15806.600000039973 P10 41 4 0
16419.100000041562 P35 42 4 0
22263.499999956515 P47 43 4 0
2493.6999999988275 P31 1 0 1
3400.099999998003 P34 2 1 0
3601.39999999782 P6 3 1 0
3634.9999999977895 P40 4 1 0
3911.599999997538 P49 5 1 0
4282.099999998047 P36 6 1 0
4878.5000000002165 P37 7 1 0
5899.20000000393 P10 8 1 1
7284.8000000089705 P48 9 2 0
7410.800000009429 P30 10 2 2
8105.100000011955 P43 11 3 1
8198.700000012295 P21 12 4 0
8236.500000012433 P3 13 4 0
8398.00000001302 P15 14 4 0
8792.600000014456 P1 15 4 0
9180.000000015865 P42 16 4 0
9430.600000016777 P35 17 4 0
9438.700000016806 P39 18 4 0
9470.300000016921 P28 19 4 0
9739.600000017901 P20 20 4 0
9974.800000018757 P32 21 4 0
10103.800000019226 P16 22 4 0
10292.900000019914 P4 23 4 0
10385.000000020249 P22 24 4 0
12014.000000026175 P26 25 4 0
12156.600000026694 P14 26 4 0
12300.100000027216 P45 27 4 0
12620.500000028382 P29 28 4 0
13174.000000030395 P19 29 4 0
14500.700000035222 P41 30 4 0
15115.600000037459 P2 31 4 0
15746.100000039753 P24 32 4 0
16153.400000041234 P46 33 4 0
16239.100000041546 P9 34 4 0
16309.1000000418 P44 35 4 0
16998.00000003314 P18 36 4 0
18314.100000013987 P17 37 4 0
20715.799999979037 P38 38 4 0
21298.099999970564 P7 39 4 0
22476.89999995341 P13 40 4 0
24213.599999928138 P11 41 4 0
24663.49999992159 P33 42 4 0
26904.899999888974 P8 43 4 0
1.0999999999999999 P20 1 0 0
2005.7999999992712 P7 2 0 0
2456.0999999988617 P45 3 0 0
4618.699999999271 P27 4 2 0
4656.89999999941 P22 5 2 0
4675.199999999477 P35 6 2 0
5577.400000002759 P47 7 3 0
5848.900000003747 P28 8 3 0
6991.000000007902 P31 9 3 1
7949.100000011387 P0 10 4 0
8340.20000001281 P1 11 4 0
8551.90000001358 P38 12 4 0
8664.800000013991 P5 13 4 0
8881.000000014777 P14 14 4 0
8931.00000001496 P11 15 4 0
9124.100000015662 P9 16 4 0
9286.400000016252 P40 17 4 0
9362.90000001653 P13 18 4 0
9522.30000001711 P10 19 4 0
9554.000000017226 P37 20 4 0
9732.800000017876 P48 21 4 0
9771.600000018017 P49 22 4 0
9821.7000000182 P39 23 4 0
9847.900000018295 P2 24 4 0
10024.700000018938 P46 25 4 0
10323.500000020025 P41 26 4 0
11901.700000025767 P42 27 4 0
12016.800000026185 P33 28 4 0
12918.300000029465 P34 29 4 0
13355.500000031056 P32 30 4 0
15263.400000037997 P6 31 4 0
16539.60000003981 P15 32 4 0
16831.800000035557 P17 33 4 0
17084.100000031885 P26 34 4 0
17210.90000003004 P24 35 4 0
17776.800000021805 P4 36 4 0
18419.10000001246 P16 37 4 0
18922.500000005133 P19 38 4 0
19504.599999996663 P29 39 4 0
20352.399999984325 P21 40 4 0
20793.8999999779 P43 41 4 0
22091.99999995901 P12 42 4 0
23045.99999994513 P36 43 4 0
27681.199999877677 P25 44 4 0
28597.999999864336 P23 45 4 0
