0.5 P28 1 0 0
164.69999999999493 P35 2 1 0
3541.899999997874 P3 3 1 2
3759.799999997676 P0 4 1 5
4879.000000000218 P15 5 4 7
5088.000000000979 P16 6 4 12
5207.100000001412 P31 7 4 12
5467.70000000236 P49 8 5 13
5489.60000000244 P17 9 5 13
5505.600000002498 P36 10 5 13
5834.000000003693 P21 11 6 12
5965.30000000417 P40 12 6 13
6094.900000004642 P4 13 6 13
6164.100000004893 P14 14 7 12
6353.200000005581 P24 15 7 12
6408.500000005783 P13 16 7 12
6643.800000006639 P10 17 8 11
7028.700000008039 P48 18 8 12
7439.300000009533 P29 19 9 14
7827.4000000109445 P30 20 10 13
8228.500000012404 P18 21 10 14
8248.800000012478 P9 22 10 14
8470.900000013286 P44 23 10 14
8504.100000013406 P46 24 11 13
8615.900000013813 P38 25 11 13
8691.600000014088 P34 26 11 13
8901.900000014854 P42 27 11 13
8918.400000014914 P33 28 11 13
8990.100000015174 P23 29 11 13
9309.300000016336 P43 30 12 12
9966.000000018725 P41 31 13 11
10707.200000021421 P8 32 14 10
10940.60000002227 P6 33 15 9
11371.90000002384 P32 34 16 8
12320.000000027288 P26 35 18 6
12589.100000028267 P12 36 19 5
12760.500000028891 P37 37 20 4
12798.200000029028 P5 38 20 4
12839.400000029178 P22 39 20 4
13517.400000031645 P27 40 22 2
13778.000000032593 P2 41 22 2
13862.5000000329 P45 42 22 2
14035.100000033528 P7 43 22 2
15370.0 P47 44 24 0
15464.600000038728 P11 45 24 0
17697.000000022967 P39 46 24 0
17725.800000022547 P25 47 24 0
19552.09999999597 P20 48 24 1
19564.799999995786 P19 49 24 1
22743.39999994953 P1 50 25 0
1326.499999999889 P12 1 1 0
1756.2999999994981 P45 2 1 4
2582.5999999987466 P21 3 4 1
2746.4999999985976 P3 4 4 5
3126.7999999982517 P10 5 5 4
3370.69999999803 P17 6 5 5
3466.8999999979424 P27 7 5 5
3807.7999999976323 P44 8 5 6
3910.0 P37 9 6 5
4247.899999997922 P18 10 6 5
4435.599999998605 P25 11 6 5
4815.799999999988 P38 12 7 5
4823.500000000016 P11 13 7 5
4915.000000000349 P14 14 7 5
5063.5000000008895 P7 15 7 5
5458.100000002325 P13 16 8 6
6041.8000000044485 P8 17 8 6
6311.800000005431 P19 18 9 5
6369.500000005641 P43 19 9 9
6608.200000006509 P42 20 9 9
7622.300000010198 P40 21 11 8
7686.800000010433 P2 22 11 8
7765.400000010719 P29 23 12 9
7823.50000001093 P1 24 12 9
8001.4000000115775 P36 25 12 9
8194.70000001228 P20 26 12 9
8396.000000013013 P47 27 13 8
8546.20000001356 P39 28 14 10
8559.800000013609 P30 29 14 10
8679.200000014043 P34 30 14 11
8764.700000014354 P4 31 14 11
9156.100000015778 P28 32 14 11
9176.200000015851 P26 33 14 11
9442.30000001682 P32 34 15 10
10312.900000019987 P41 35 17 8
10544.70000002083 P23 36 17 8
10719.000000021464 P22 37 17 8
11913.40000002581 P48 38 19 6
12340.000000027361 P31 39 20 5
12652.9000000285 P6 40 20 5
12868.200000029283 P15 41 20 5
13746.90000003248 P33 42 21 4
13849.600000032853 P5 43 21 4
14779.700000036237 P35 44 22 3
15390.500000038459 P24 45 23 2
15989.100000040637 P0 46 25 0
16623.30000003859 P46 47 25 0
17169.300000030646 P9 48 25 0
17204.10000003014 P49 49 25 0
20212.59999998636 P16 50 25 0
1678.8999999995685 P26 1 1 0
2898.3999999984594 P35 2 1 6
3384.3999999980174 P46 3 2 7
3426.799999997979 P48 4 2 7
3920.19999999753 P27 5 3 7
5770.900000003463 P19 6 5 13
5778.40000000349 P10 7 5 13
5805.500000003589 P1 8 5 13
5934.000000004056 P12 9 5 13
6039.40000000444 P6 10 5 13
6990.6000000079 P17 11 7 11
7048.800000008112 P3 12 7 12
7351.700000009214 P39 13 8 11
8429.600000013135 P18 14 10 9
8921.700000014926 P36 15 10 9
8972.900000015112 P24 16 11 13
9709.400000017791 P38 17 12 12
9872.700000018385 P28 18 12 12
10508.400000020698 P47 19 13 12
10641.800000021183 P8 20 13 12
10753.40000002159 P42 21 14 11
10905.400000022142 P30 22 14 11
11092.700000022824 P0 23 14 11
11118.100000022916 P22 24 14 11
12332.700000027335 P14 25 17 8
12455.800000027783 P41 26 17 8
12711.100000028711 P16 27 17 8
12829.00000002914 P49 28 17 8
12888.100000029355 P21 29 18 7
12985.60000002971 P5 30 18 7
12996.60000002975 P7 31 18 7
13055.900000029966 P40 32 18 7
13643.700000032104 P23 33 19 6
13742.900000032465 P45 34 20 5
14110.1000000338 P15 35 21 4
14201.900000034135 P32 36 21 4
14233.900000034251 P4 37 21 4
14628.600000035687 P31 38 22 3
14795.200000036293 P37 39 22 3
15293.000000038104 P25 40 23 2
15991.400000040645 P2 41 25 0
16262.500000041631 P44 42 25 0
16280.100000041695 P11 43 25 0
16397.800000041872 P34 44 25 0
16790.600000036156 P13 45 25 0
16814.100000035814 P20 46 25 0
16917.200000034314 P43 47 25 0
17529.500000025404 P33 48 25 0
18732.000000007905 P9 49 25 0
18965.40000000451 P29 50 25 0
4540.799999998988 P39 1 4 1
4558.499999999052 P34 2 4 1
4880.200000000223 P7 3 4 1
5182.8000000013235 P30 4 5 0
5695.600000003189 P1 5 5 0
6072.000000004558 P10 6 5 12
6092.900000004634 P37 7 5 12
6536.400000006248 P0 8 7 11
6846.600000007376 P27 9 7 11
7133.6000000084205 P23 10 8 14
7175.600000008573 P31 11 8 14
7757.3000000106895 P45 12 9 13
8173.500000012204 P2 13 10 13
8189.300000012261 P33 14 10 13
8198.800000012296 P3 15 10 13
8282.000000012598 P43 16 10 13
8766.00000001436 P22 17 11 12
8914.6000000149 P21 18 12 11
9334.200000016426 P28 19 13 11
9807.500000018148 P47 20 13 11
10562.000000020893 P6 21 15 9
10690.700000021361 P24 22 15 10
10821.000000021835 P5 23 15 10
10918.000000022188 P49 24 15 10
11060.300000022706 P48 25 16 9
11114.500000022903 P46 26 16 9
11179.70000002314 P38 27 16 9
11277.100000023494 P16 28 16 9
11334.000000023701 P18 29 17 8
11402.800000023952 P14 30 17 8
11496.700000024293 P41 31 17 8
11539.200000024448 P36 32 17 8
11595.300000024652 P9 33 17 8
11611.800000024712 P13 34 17 8
11778.600000025319 P32 35 18 7
11828.4000000255 P20 36 18 7
12096.100000026474 P11 37 18 7
12123.600000026574 P26 38 18 7
12209.500000026886 P29 39 18 7
12491.900000027914 P35 40 19 6
12592.000000028278 P40 41 19 6
12679.800000028597 P44 42 19 6
13060.500000029982 P25 43 20 5
13101.10000003013 P8 44 20 5
13221.400000030568 P19 45 20 5
13351.600000031041 P4 46 21 4
13460.700000031438 P42 47 21 4
14429.200000034962 P12 48 24 1
14440.000000035001 P15 49 24 1
14887.80000003663 P17 50 25 0
1668.499999999578 P38 1 2 0
1831.4999999994297 P20 2 2 0
2224.2999999990725 P26 3 2 0
2311.899999998993 P48 4 2 0
2576.499999998752 P35 5 2 0
3146.199999998234 P18 6 3 0
3832.09999999761 P39 7 3 3
4274.199999998018 P45 8 4 2
6617.700000006544 P41 9 6 4
7284.100000008968 P13 10 7 3
7451.500000009577 P37 11 7 3
7485.2000000097 P44 12 7 3
8378.400000012949 P33 13 9 1
8774.900000014391 P17 14 9 1
9270.000000016193 P16 15 10 0
9380.0 P29 16 10 3
9480.80000001696 P34 17 10 3
11232.400000023332 P36 18 12 2
11319.400000023648 P49 19 12 2
11537.700000024442 P24 20 12 2
11681.800000024967 P22 21 12 13
12161.900000026713 P14 22 13 12
12896.900000029387 P30 23 15 10
13126.400000030222 P0 24 15 10
13224.000000030577 P31 25 16 9
13357.700000031064 P8 26 16 9
13413.500000031267 P28 27 16 9
13445.100000031382 P19 28 16 9
13483.700000031522 P47 29 16 9
13758.500000032522 P40 30 16 9
14347.800000034666 P27 31 18 7
14520.800000035295 P11 32 18 7
15522.90000003894 P2 33 20 5
15882.60000004025 P25 34 20 5
16225.600000041497 P6 35 20 5
16292.60000004174 P3 36 20 5
16297.80000004176 P7 37 20 5
16349.600000041948 P1 38 21 4
16677.100000037808 P23 39 21 4
16749.10000003676 P15 40 21 4
16764.600000036535 P5 41 21 4
16774.200000036395 P4 42 21 4
16861.400000035126 P43 43 22 3
17055.800000032297 P12 44 22 3
17691.700000023044 P9 45 24 1
17854.300000020678 P10 46 25 0
17960.100000019138 P21 47 25 0
18199.00000001566 P32 48 25 0
20328.299999984676 P46 49 25 0
21581.099999966445 P42 50 25 0
1307.899999999906 P31 1 1 0
3205.2999999981803 P26 2 3 0
3243.899999998145 P9 3 3 0
5159.600000001239 P20 4 3 0
5327.40000000185 P27 5 3 6
6496.200000006102 P48 6 5 14
6573.000000006381 P5 7 6 13
6864.00000000744 P34 8 7 12
6891.000000007538 P43 9 7 12
7099.100000008295 P14 10 7 12
7185.400000008609 P21 11 8 11
7548.900000009931 P35 12 8 11
7597.100000010107 P0 13 8 11
7722.000000010561 P33 14 8 11
7875.000000011118 P46 15 9 10
7994.400000011552 P4 16 9 10
8981.200000015142 P23 17 11 8
10732.500000021513 P41 18 14 8
11038.200000022625 P15 19 14 8
11062.500000022714 P47 20 14 8
11066.100000022727 P28 21 14 8
11106.100000022872 P13 22 14 8
11126.700000022947 P22 23 14 8
11187.000000023167 P42 24 14 8
11225.000000023305 P29 25 15 7
11388.300000023899 P10 26 15 8
11614.500000024722 P30 27 16 8
11732.30000002515 P32 28 16 8
11837.900000025535 P36 29 16 8
11846.000000025564 P8 30 16 8
12007.900000026153 P40 31 16 8
12465.600000027818 P11 32 17 7
13075.800000030038 P3 33 18 6
13148.900000030304 P7 34 18 7
13445.900000031384 P19 35 18 7
13472.500000031481 P2 36 18 7
13473.900000031486 P45 37 18 7
14659.300000035799 P49 38 19 6
15282.200000038065 P17 39 20 5
16264.500000041638 P6 40 20 5
16842.800000035397 P18 41 22 3
16915.30000003434 P24 42 22 3
17277.800000029067 P39 43 23 2
18354.100000013404 P12 44 23 2
18963.400000004538 P44 45 25 0
19216.10000000086 P1 46 25 0
19680.299999994106 P38 47 25 0
20268.699999985543 P25 48 25 0
21206.499999971897 P37 49 25 0
21900.2999999618 P16 50 25 0
0.4 P4 1 0 0
4576.299999999117 P22 2 3 5
4747.099999999738 P21 3 4 4
5198.600000001381 P12 4 5 6
5211.600000001428 P42 5 5 6
5970.300000004188 P20 6 7 4
6093.400000004636 P27 7 7 6
6230.100000005134 P34 8 7 6
7097.70000000829 P29 9 9 9
7247.300000008834 P36 10 9 9
7536.600000009887 P16 11 10 8
8009.200000011606 P9 12 11 7
8131.600000012051 P1 13 11 11
8152.500000012127 P37 14 12 10
8535.50000001352 P44 15 12 10
8780.20000001441 P48 16 13 9
8784.900000014428 P15 17 13 10
8810.900000014522 P23 18 13 10
8826.70000001458 P8 19 13 10
8892.200000014818 P17 20 13 10
8944.300000015008 P14 21 13 10
8948.300000015022 P25 22 13 10
9128.000000015676 P26 23 13 10
9202.000000015945 P41 24 13 10
9353.400000016496 P13 25 14 9
9465.500000016904 P0 26 14 9
9503.600000017042 P30 27 14 9
9541.50000001718 P40 28 14 9
9643.500000017551 P32 29 14 9
9849.3000000183 P33 30 15 8
9859.400000018337 P35 31 15 8
10458.800000020517 P11 32 16 7
10499.700000020666 P45 33 16 7
10798.500000021753 P7 34 17 6
10996.600000022474 P10 35 18 5
11446.10000002411 P2 36 19 4
11457.800000024152 P47 37 19 4
11489.500000024267 P24 38 19 4
11611.20000002471 P46 39 20 3
11644.600000024831 P49 40 20 3
11742.400000025187 P3 41 20 3
12022.900000026208 P31 42 21 2
12159.100000026703 P28 43 21 2
12277.800000027135 P39 44 22 1
13576.000000031858 P5 45 23 0
13860.000000032891 P19 46 23 0
15757.700000039795 P43 47 23 2
18299.300000014202 P38 48 25 0
18543.50000001065 P18 49 25 0
18568.600000010283 P6 50 25 0
526.3000000000511 P41 1 1 0
1652.7999999995923 P31 2 1 1
2058.999999999223 P15 3 2 0
2471.6999999988475 P23 4 2 0
2540.399999998785 P34 5 2 0
2562.299999998765 P10 6 2 4
3732.7999999977005 P16 7 3 3
3745.0999999976893 P48 8 3 3
3795.5999999976434 P11 9 3 6
4032.199999997428 P32 10 4 5
4521.799999998919 P47 11 5 4
4573.899999999108 P28 12 5 4
4913.100000000342 P25 13 6 5
4960.0 P38 14 6 8
5022.200000000739 P42 15 6 8
5086.300000000972 P39 16 6 8
5087.800000000978 P22 17 6 8
5150.400000001206 P18 18 6 8
5598.500000002836 P33 19 7 7
5644.500000003003 P44 20 7 7
5662.500000003069 P1 21 7 7
5688.3000000031625 P5 22 7 7
5691.000000003172 P3 23 7 7
6160.600000004881 P0 24 8 12
6211.500000005066 P30 25 8 12
6424.000000005839 P24 26 8 12
6540.100000006261 P12 27 8 12
6955.900000007774 P8 28 9 11
6978.000000007854 P6 29 9 11
7097.200000008288 P40 30 9 12
7422.600000009472 P35 31 10 11
7801.900000010852 P43 32 11 10
8451.800000013216 P20 33 12 9
8913.100000014894 P46 34 13 8
10421.700000020383 P45 35 16 5
10466.000000020544 P37 36 16 5
10650.200000021214 P4 37 17 6
10841.70000002191 P21 38 17 6
10960.800000022344 P19 39 17 7
11132.90000002297 P14 40 18 6
11366.70000002382 P13 41 18 7
11419.00000002401 P49 42 18 7
12061.100000026347 P29 43 19 6
12091.900000026459 P9 44 19 6
12175.300000026762 P17 45 19 6
12313.500000027265 P26 46 20 5
12734.800000028798 P36 47 20 5
14288.70000003445 P7 48 20 5
15970.500000040569 P27 49 23 2
16461.30000004095 P2 50 24 1
1651.6999999995933 P18 1 1 0
2208.599999999087 P26 2 1 0
3401.399999998002 P29 3 1 3
4535.1999999989675 P19 4 4 0
5149.500000001202 P3 5 4 5
5167.800000001269 P37 6 4 5
5206.000000001408 P11 7 4 5
5341.100000001899 P39 8 4 5
6657.500000006688 P27 9 7 2
7292.600000008999 P17 10 8 1
7537.200000009889 P44 11 8 5
7591.500000010086 P21 12 8 5
7701.200000010485 P5 13 9 4
7861.600000011069 P30 14 9 8
7994.500000011552 P12 15 10 9
8273.700000012568 P13 16 11 8
8297.900000012656 P35 17 11 12
8303.900000012678 P1 18 11 12
8502.800000013402 P14 19 11 12
8671.400000014015 P10 20 11 12
8877.500000014765 P45 21 12 11
9201.500000015943 P8 22 12 11
9366.000000016542 P47 23 13 10
9433.700000016788 P25 24 13 10
9480.200000016957 P15 25 13 10
10411.900000020347 P48 26 15 9
10629.500000021138 P4 27 15 9
10807.600000021786 P49 28 16 8
11241.800000023366 P46 29 17 7
11273.30000002348 P40 30 17 7
11435.000000024069 P43 31 17 7
11494.500000024285 P20 32 17 7
11503.80000002432 P16 33 17 7
11504.00000002432 P28 34 17 7
11574.600000024577 P42 35 18 6
11672.600000024933 P41 36 18 6
11700.500000025035 P22 37 18 6
11868.200000025645 P33 38 18 6
12011.500000026166 P34 39 18 6
12146.400000026657 P24 40 19 5
12664.900000028543 P0 41 20 4
12751.300000028858 P31 42 20 4
12994.600000029743 P32 43 21 3
13215.800000030547 P38 44 22 3
14442.900000035012 P36 45 24 1
16775.80000003637 P2 46 25 0
17554.100000025046 P6 47 25 0
17993.400000018653 P9 48 25 0
18296.00000001425 P23 49 25 0
20785.899999978017 P7 50 25 0
0.4 P12 1 0 0
287.5999999999969 P44 2 0 0
2274.199999999027 P13 3 2 0
2624.5999999987084 P8 4 2 3
2665.899999998671 P25 5 2 3
4248.899999997926 P39 6 5 8
4444.999999998639 P10 7 5 10
4530.39999999895 P40 8 5 10
4596.1999999991895 P33 9 5 11
4841.800000000083 P19 10 5 13
4871.20000000019 P29 11 5 14
4917.100000000357 P14 12 5 14
5476.00000000239 P30 13 6 13
5597.6000000028325 P41 14 6 13
5877.600000003851 P42 15 7 12
6389.100000005712 P9 16 8 11
6392.900000005726 P34 17 8 11
6991.5000000079035 P26 18 9 11
7078.200000008219 P5 19 9 11
7285.600000008973 P48 20 9 11
7370.0000000092805 P36 21 9 11
7734.000000010605 P16 22 10 10
8565.50000001363 P43 23 11 9
8716.90000001418 P24 24 11 9
8749.6000000143 P7 25 12 8
9414.600000016719 P3 26 13 8
9545.200000017194 P15 27 13 8
9982.300000018784 P35 28 14 7
11136.500000022983 P2 29 16 5
11350.10000002376 P27 30 17 4
11391.10000002391 P31 31 17 4
11421.70000002402 P11 32 17 7
11434.300000024066 P1 33 17 7
11770.60000002529 P32 34 18 6
11873.000000025662 P0 35 18 6
11886.10000002571 P4 36 18 6
11987.300000026078 P49 37 19 5
12019.800000026196 P17 38 19 5
12064.200000026358 P20 39 19 5
12400.900000027583 P28 40 19 5
12847.900000029209 P6 41 21 3
13207.700000030518 P47 42 22 2
13256.100000030694 P18 43 22 2
14046.300000033569 P23 44 23 1
14831.300000036425 P22 45 24 0
15768.600000039834 P21 46 24 0
17000.6000000331 P37 47 24 0
17477.300000026164 P45 48 24 0
17630.0 P38 49 24 0
17877.700000020337 P46 50 24 0
