6136.300000004792 P0 1 0 0
21440.899999968486 P1 2 0 0
22404.09999995447 P4 3 1 0
22881.199999947527 P2 4 2 0
24030.099999930808 P6 5 2 0
4503.099999998851 P5 1 0 0
5457.900000002324 P7 2 2 0
6977.800000007854 P2 3 2 0
9164.90000001581 P4 4 2 0
15995.200000040659 P1 5 2 0
17110.6000000315 P8 1 0 0
17926.600000019625 P3 2 1 0
18564.70000001034 P7 3 2 0
19268.5000000001 P6 4 2 0
22734.099999949667 P2 5 2 0
23158.399999943493 P9 6 3 1
23351.79999994068 P1 7 3 1
27666.49999987789 P0 8 4 0
1867.8999999993966 P9 1 0 0
3083.799999998291 P2 2 0 0
13229.200000030596 P3 3 0 0
22324.199999955632 P4 4 1 0
22856.699999947883 P0 5 1 0
25879.89999990389 P4 1 1 2
26110.69999990053 P0 2 1 2
26464.499999895383 P9 3 2 1
26858.199999889654 P7 4 3 0
28263.999999869196 P5 5 3 0
8762.900000014348 P7 1 0 1
8980.200000015138 P5 2 0 1
10294.900000019921 P1 3 3 0
12699.400000028669 P3 4 3 0
14601.500000035589 P6 5 3 0
22940.899999946658 P8 6 3 1
23497.29999993856 P9 7 4 0
16623.30000003859 P9 1 0 0
17178.50000003051 P2 2 0 0
25145.99999991457 P1 3 0 0
12966.60000002964 P9 1 0 1
13559.600000031798 P3 2 1 0
13668.200000032193 P4 3 1 0
22153.09999995812 P5 4 1 0
23586.499999937263 P6 5 2 0
14472.300000035119 P5 1 0 1
15702.600000039594 P3 2 1 0
4419.899999998548 P2 1 0 0
5511.80000000252 P7 2 0 0
18835.000000006406 P8 3 2 0
19666.799999994302 P6 4 2 0
20235.99999998602 P0 5 2 0
24743.099999920432 P1 6 2 0
27205.999999884592 P5 7 2 0
