0.1 P7 1 0 0
491.90000000004335 P86 2 0 1
623.1000000000731 P0 3 0 1
907.6000000001378 P12 4 0 2
1033.6000000001554 P3 5 0 2
3293.9999999980996 P69 6 0 11
3356.7999999980425 P57 7 0 11
4512.499999998885 P55 8 1 13
4602.699999999213 P31 9 2 12
4611.699999999246 P71 10 2 12
4877.500000000213 P59 11 2 18
4963.100000000524 P99 12 2 18
5002.000000000666 P18 13 2 18
5006.200000000681 P62 14 2 18
5082.2000000009575 P14 15 2 18
5119.200000001092 P95 16 3 17
5217.400000001449 P34 17 3 17
5292.300000001722 P84 18 3 17
5356.100000001954 P23 19 3 17
5459.50000000233 P54 20 3 17
5549.200000002656 P72 21 3 17
5628.500000002945 P40 22 3 17
5630.100000002951 P53 23 3 17
5931.100000004046 P79 24 3 17
6120.0 P61 25 3 17
6966.800000007814 P66 26 4 19
7117.900000008363 P47 27 5 20
7139.00000000844 P77 28 5 20
7167.400000008543 P70 29 5 20
7193.300000008638 P97 30 5 20
7316.000000009084 P30 31 5 20
7421.700000009469 P73 32 5 20
7469.100000009641 P2 33 5 20
7488.700000009712 P15 34 6 19
7864.100000011078 P24 35 8 17
8577.700000013674 P32 36 9 16
8704.000000014134 P11 37 10 15
8883.200000014785 P44 38 10 15
9055.200000015411 P43 39 10 15
9062.000000015436 P83 40 10 15
9288.30000001626 P10 41 11 14
9571.60000001729 P49 42 13 12
9682.700000017694 P36 43 13 12
9749.500000017937 P67 44 14 11
9771.800000018018 P4 45 14 11
9821.9000000182 P35 46 14 11
9865.80000001836 P91 47 14 11
9885.400000018431 P45 48 14 11
10030.50000001896 P8 49 14 11
10147.300000019384 P5 50 15 10
10156.200000019417 P19 51 15 10
10294.70000001992 P76 52 15 10
10589.200000020992 P13 53 16 9
10815.500000021815 P48 54 16 9
11011.500000022528 P81 55 17 8
11149.100000023029 P56 56 17 8
12325.90000002731 P90 57 20 5
12343.500000027374 P42 58 20 5
12428.100000027682 P17 59 20 5
12607.100000028333 P27 60 21 4
12736.600000028804 P58 61 21 4
12747.000000028842 P46 62 21 4
12792.300000029007 P22 63 21 4
12849.500000029215 P98 64 21 4
12985.200000029708 P94 65 21 4
13147.300000030298 P52 66 22 3
13222.500000030572 P75 67 22 3
13294.400000030833 P1 68 22 3
13332.500000030972 P29 69 22 3
13359.30000003107 P51 70 22 3
13451.200000031404 P85 71 22 3
13468.100000031465 P68 72 22 3
13580.000000031872 P60 73 23 2
13693.300000032285 P87 74 23 2
13847.600000032846 P25 75 23 2
14380.100000034783 P33 76 24 1
14483.60000003516 P37 77 24 1
14544.00000003538 P9 78 24 1
14621.800000035662 P16 79 24 1
14860.0 P20 80 25 0
15066.50000003728 P21 81 25 0
15446.500000038663 P28 82 25 0
15703.100000039596 P65 83 25 0
16022.80000004076 P88 84 25 0
16104.500000041056 P93 85 25 0
16288.200000041725 P38 86 25 0
16498.500000040407 P64 87 25 0
16564.000000039454 P96 88 25 0
17181.700000030465 P41 89 25 0
17272.10000002915 P78 90 25 0
17611.200000024215 P39 91 25 0
18186.900000015838 P50 92 25 0
18770.90000000734 P92 93 25 0
18808.0000000068 P63 94 25 0
20385.899999983838 P82 95 25 0
20586.599999980917 P89 96 25 0
21063.599999973976 P6 97 25 0
21637.699999965622 P26 98 25 0
22026.89999995996 P74 99 25 0
23390.89999994011 P80 100 25 0
462.50000000003666 P29 1 0 0
632.2000000000752 P33 2 1 0
922.7000000001412 P69 3 1 0
1040.700000000149 P63 4 1 0
1106.9000000000888 P79 5 1 0
2171.5999999991204 P76 6 1 0
4042.299999997419 P66 7 1 8
4560.59999999906 P65 8 2 7
4740.599999999715 P15 9 3 15
5394.900000002095 P73 10 4 20
5508.200000002507 P95 11 4 20
5539.30000000262 P3 12 4 21
5695.500000003189 P43 13 5 20
5701.30000000321 P84 14 5 20
6154.100000004857 P16 15 6 19
6274.9000000052965 P83 16 6 19
6381.800000005685 P39 17 6 19
6416.900000005813 P46 18 6 19
6506.70000000614 P91 19 6 19
6769.500000007096 P8 20 7 18
6772.500000007107 P32 21 7 18
6830.000000007316 P6 22 7 18
6883.800000007512 P77 23 7 18
7018.7000000080025 P41 24 8 17
7125.800000008392 P12 25 8 17
7152.000000008487 P72 26 8 17
7161.300000008521 P35 27 8 17
7200.600000008664 P17 28 8 17
7200.900000008665 P10 29 8 17
7230.1000000087715 P45 30 8 17
7349.500000009206 P38 31 8 17
7353.5000000092205 P96 32 8 17
7435.80000000952 P70 33 8 17
7546.600000009923 P53 34 9 16
7554.500000009952 P64 35 9 16
7580.0000000100445 P58 36 9 16
7588.000000010074 P37 37 9 16
7601.800000010124 P80 38 9 16
7675.00000001039 P27 39 9 16
7687.600000010436 P30 40 9 16
7727.500000010581 P71 41 9 16
7732.200000010598 P5 42 9 16
7793.800000010822 P86 43 9 16
7806.100000010867 P67 44 9 16
7923.200000011293 P59 45 9 16
7932.600000011327 P56 46 9 16
8042.400000011727 P31 47 9 16
8050.700000011757 P82 48 9 16
8061.400000011796 P20 49 9 16
8078.200000011857 P24 50 9 16
8112.300000011981 P21 51 9 16
8143.100000012093 P75 52 9 16
8151.400000012123 P49 53 9 16
8171.100000012195 P88 54 10 15
8268.80000001255 P22 55 10 15
8305.900000012685 P13 56 10 15
8435.100000013155 P90 57 10 15
8460.600000013248 P87 58 10 15
8467.000000013271 P74 59 10 15
8824.900000014573 P34 60 12 13
8920.500000014921 P4 61 12 13
9078.100000015495 P61 62 13 12
9165.700000015813 P48 63 13 12
10138.00000001935 P81 64 16 9
10284.800000019884 P97 65 17 8
10528.40000002077 P0 66 17 8
10789.50000002172 P55 67 18 7
11178.000000023134 P47 68 19 6
11224.200000023302 P19 69 19 6
11232.400000023332 P11 70 19 6
11378.800000023864 P40 71 19 6
11749.700000025214 P99 72 20 5
11964.500000025995 P60 73 21 4
12140.0 P93 74 21 4
12553.800000028139 P94 75 22 3
13060.900000029984 P28 76 23 2
13361.300000031077 P26 77 23 2
13398.300000031211 P50 78 23 2
13473.500000031485 P78 79 23 2
13592.400000031917 P14 80 24 1
13596.800000031933 P7 81 24 1
13784.900000032618 P52 82 24 1
13845.100000032837 P54 83 24 1
13856.500000032878 P25 84 24 1
13956.200000033241 P57 85 24 1
14625.600000035676 P44 86 25 0
14753.10000003614 P62 87 25 0
14850.900000036496 P2 88 25 0
15195.40000003775 P85 89 25 0
16423.800000041494 P1 90 25 0
16460.0 P9 91 25 0
16565.200000039436 P51 92 25 0
17424.200000026936 P92 93 25 0
17871.100000020433 P98 94 25 0
18074.60000001747 P23 95 25 0
18192.500000015756 P89 96 25 0
19853.699999991582 P18 97 25 0
20416.899999983387 P68 98 25 0
22378.199999954846 P42 99 25 0
24046.199999930574 P36 100 25 0
55.50000000000052 P75 1 0 0
66.10000000000052 P83 2 0 0
1523.4999999997099 P1 3 0 0
2246.3999999990524 P84 4 1 8
2313.999999998991 P66 5 1 8
2435.79999999888 P55 6 1 8
2594.7999999987355 P95 7 1 8
2630.1999999987033 P51 8 1 8
2630.599999998703 P61 9 1 8
2668.5999999986684 P47 10 1 8
3234.199999998154 P41 11 1 8
3463.2999999979456 P65 12 1 8
3482.899999997928 P24 13 1 10
3691.499999997738 P29 14 1 14
3822.399999997619 P56 15 1 14
4009.0999999974492 P13 16 2 13
4361.599999998336 P60 17 3 12
4524.79999999893 P68 18 3 12
5356.000000001954 P25 19 6 12
5577.100000002758 P23 20 6 12
6427.500000005852 P77 21 8 10
6466.900000005995 P3 22 8 15
6580.500000006408 P79 23 9 14
6634.300000006604 P26 24 9 16
6666.10000000672 P6 25 9 16
6895.700000007555 P9 26 9 16
6899.7000000075695 P52 27 9 16
6998.80000000793 P67 28 10 15
7339.100000009168 P44 29 10 15
7345.20000000919 P11 30 10 15
7374.600000009297 P64 31 10 15
7393.200000009365 P91 32 10 15
7403.500000009402 P70 33 10 15
7512.000000009797 P96 34 11 14
7616.900000010179 P89 35 11 14
7675.500000010392 P2 36 11 14
7678.000000010401 P57 37 11 14
7764.100000010714 P30 38 11 14
7934.300000011333 P5 39 11 14
7963.900000011441 P76 40 12 13
8082.300000011872 P45 41 12 13
8262.200000012526 P28 42 12 13
8316.700000012725 P27 43 12 13
8364.500000012898 P39 44 12 13
8388.800000012987 P16 45 12 13
8391.700000012997 P90 46 12 13
8451.400000013215 P12 47 12 13
8485.000000013337 P17 48 12 13
8558.900000013606 P42 49 12 13
8790.200000014447 P85 50 13 12
8796.50000001447 P94 51 13 12
8881.80000001478 P71 52 13 12
9045.300000015375 P8 53 14 11
9183.000000015876 P74 54 14 11
9184.500000015882 P32 55 14 11
9277.50000001622 P21 56 14 11
9423.30000001675 P18 57 15 10
9473.600000016933 P81 58 15 10
9545.600000017195 P63 59 15 10
9606.400000017416 P59 60 15 10
9828.000000018223 P19 61 15 10
10506.600000020691 P0 62 17 8
10766.100000021635 P97 63 18 7
10803.700000021772 P86 64 18 7
10859.500000021975 P34 65 18 7
10880.900000022053 P82 66 18 7
11028.800000022591 P48 67 19 6
11332.200000023695 P87 68 19 6
11610.100000024706 P62 69 20 5
11732.900000025153 P99 70 20 5
11865.100000025634 P35 71 20 5
12121.700000026567 P31 72 21 4
12187.800000026808 P7 73 21 4
12288.300000027173 P53 74 21 4
13088.200000030083 P15 75 23 2
13130.300000030236 P36 76 23 2
13146.900000030297 P43 77 23 2
13469.100000031469 P72 78 24 1
13568.800000031832 P38 79 24 1
13648.400000032121 P69 80 24 1
13719.30000003238 P80 81 24 1
13756.600000032515 P4 82 24 1
13803.200000032684 P98 83 24 1
13907.600000033064 P58 84 24 1
13982.200000033336 P93 85 24 1
14102.400000033773 P88 86 25 0
14163.700000033996 P40 87 25 0
14172.90000003403 P78 88 25 0
15214.400000037818 P50 89 25 0
15221.300000037843 P14 90 25 0
15472.900000038759 P49 91 25 0
15501.700000038863 P46 92 25 0
15863.40000004018 P33 93 25 0
16192.300000041376 P22 94 25 0
16416.800000041596 P20 95 25 0
17655.900000023565 P10 96 25 0
18560.800000010397 P92 97 25 0
18667.20000000885 P73 98 25 0
21523.499999967284 P54 99 25 0
22958.899999946396 P37 100 25 0
132.09999999999678 P72 1 0 1
326.7000000000058 P44 2 1 0
448.40000000003346 P18 3 1 0
653.20000000008 P73 4 1 2
964.1000000001507 P69 5 1 2
1054.2000000001367 P71 6 1 2
1426.499999999798 P1 7 1 2
1555.299999999681 P80 8 1 2
1629.4999999996135 P39 9 1 2
1746.0999999995074 P53 10 1 2
1972.1999999993018 P10 11 1 2
4172.99999999765 P84 12 2 11
4539.499999998983 P41 13 4 14
4602.599999999213 P91 14 4 14
4989.700000000621 P51 15 5 18
5115.400000001078 P32 16 5 18
5238.300000001525 P50 17 5 20
5240.300000001533 P25 18 6 19
5400.700000002116 P87 19 6 19
5400.900000002117 P99 20 6 19
5451.1000000023 P83 21 6 19
5719.600000003276 P16 22 6 19
5980.400000004225 P13 23 7 18
6186.900000004976 P86 24 7 18
6241.300000005174 P34 25 8 17
6409.700000005787 P38 26 8 17
6532.000000006232 P30 27 8 17
6540.600000006263 P54 28 8 17
6560.900000006337 P12 29 8 17
6721.500000006921 P89 30 9 16
6861.40000000743 P40 31 9 16
7197.700000008654 P14 32 9 16
7334.800000009152 P49 33 10 15
7366.000000009266 P97 34 10 15
7482.7000000096905 P47 35 10 15
7521.600000009832 P4 36 10 15
7784.700000010789 P21 37 11 14
7813.1000000108925 P60 38 11 14
7846.900000011015 P74 39 11 14
7877.7000000111275 P43 40 11 14
7944.900000011372 P33 41 11 14
8021.800000011652 P48 42 12 13
8249.50000001248 P67 43 12 13
8326.000000012758 P68 44 13 12
8342.100000012817 P76 45 13 12
8348.20000001284 P96 46 13 12
8426.000000013122 P78 47 13 12
8492.800000013365 P46 48 13 12
8507.400000013418 P9 49 13 12
8820.300000014557 P85 50 14 11
8924.700000014936 P59 51 14 11
9071.40000001547 P2 52 14 11
9144.300000015735 P94 53 14 11
9368.20000001655 P95 54 15 10
9438.400000016805 P0 55 16 9
9612.600000017439 P19 56 16 9
9733.300000017878 P61 57 17 8
9830.300000018231 P20 58 17 8
10047.600000019022 P23 59 17 8
10131.900000019328 P82 60 18 7
10172.700000019477 P56 61 18 7
10173.000000019478 P36 62 18 7
10287.800000019895 P8 63 18 7
10408.700000020335 P52 64 18 7
10446.00000002047 P77 65 18 7
10535.000000020795 P3 66 18 7
10771.100000021654 P42 67 19 6
10840.800000021907 P62 68 19 6
10902.00000002213 P35 69 19 6
11132.90000002297 P24 70 20 5
11485.400000024252 P27 71 20 5
11696.40000002502 P93 72 21 4
11987.300000026078 P92 73 21 4
12302.700000027226 P17 74 22 3
12324.100000027303 P22 75 22 3
12424.80000002767 P55 76 22 3
12476.500000027858 P57 77 22 3
12989.800000029725 P31 78 23 2
13162.200000030352 P29 79 24 1
13255.300000030691 P7 80 24 1
13604.700000031962 P45 81 24 1
13650.500000032129 P37 82 24 1
13726.100000032404 P58 83 25 0
14121.800000033843 P65 84 25 0
14142.300000033918 P11 85 25 0
14251.100000034314 P70 86 25 0
14254.600000034327 P64 87 25 0
14277.900000034411 P66 88 25 0
14358.200000034703 P75 89 25 0
15285.000000038075 P88 90 25 0
15727.900000039686 P90 91 25 0
16557.100000039554 P63 92 25 0
17012.30000003293 P28 93 25 0
17118.10000003139 P79 94 25 0
17592.100000024493 P5 95 25 0
18267.300000014668 P26 96 25 0
18988.500000004173 P98 97 25 0
19177.00000000143 P15 98 25 0
21311.899999970363 P6 99 25 0
22570.599999952046 P81 100 25 0
167.69999999999476 P44 1 0 1
550.9000000000567 P93 2 1 0
1850.0 P74 3 1 0
1997.3999999992789 P83 4 1 1
2227.7999999990693 P40 5 2 0
2396.7999999989156 P35 6 2 2
3900.8999999975476 P5 7 2 14
4316.799999998173 P41 8 4 14
4542.199999998993 P13 9 4 19
4801.199999999935 P42 10 5 18
5194.500000001366 P87 11 6 17
5504.100000002492 P98 12 6 17
5869.500000003822 P37 13 7 16
6015.700000004354 P60 14 7 18
6110.600000004699 P52 15 7 18
6199.3000000050215 P61 16 8 17
6445.200000005916 P31 17 8 17
6597.6000000064705 P62 18 8 17
6732.20000000696 P11 19 9 16
6733.300000006964 P15 20 9 16
6901.800000007577 P0 21 9 16
7336.80000000916 P21 22 10 15
7413.90000000944 P16 23 10 15
7830.800000010957 P68 24 12 13
7909.100000011242 P32 25 12 13
7933.700000011331 P39 26 12 13
7943.700000011368 P26 27 12 13
8045.600000011738 P9 28 12 13
8083.200000011875 P49 29 12 13
8400.300000013029 P48 30 13 12
8456.900000013235 P90 31 14 11
8692.500000014092 P4 32 14 11
8803.300000014495 P17 33 14 11
8810.700000014522 P30 34 14 11
9389.300000016627 P36 35 16 9
9439.200000016808 P3 36 16 9
9729.700000017865 P71 37 17 8
10137.80000001935 P69 38 18 7
10308.40000001997 P88 39 19 6
10348.600000020117 P19 40 19 6
10386.900000020256 P38 41 19 6
10438.400000020443 P73 42 19 6
10461.400000020527 P7 43 19 6
10529.800000020776 P27 44 19 6
10615.500000021088 P58 45 19 6
10658.700000021245 P1 46 19 6
10737.10000002153 P86 47 20 5
10809.500000021793 P34 48 20 5
10940.200000022269 P43 49 20 5
11019.400000022557 P96 50 20 5
11088.100000022807 P77 51 20 5
11236.300000023346 P64 52 20 5
11250.000000023396 P53 53 20 5
11804.500000025413 P46 54 22 3
11831.20000002551 P75 55 22 3
11967.500000026006 P33 56 22 3
12141.70000002664 P51 57 22 3
12185.6000000268 P63 58 23 2
12210.000000026888 P97 59 23 2
12374.400000027486 P59 60 23 2
12407.000000027605 P45 61 23 2
12534.70000002807 P29 62 23 2
12598.900000028303 P23 63 24 1
12697.700000028663 P28 64 24 1
12717.500000028735 P67 65 24 1
12895.00000002938 P65 66 24 1
12903.30000002941 P76 67 24 1
13044.500000029924 P91 68 24 1
13183.60000003043 P78 69 24 1
13188.300000030447 P24 70 24 1
13347.000000031025 P72 71 25 0
13389.400000031179 P57 72 25 0
13451.900000031406 P2 73 25 0
13506.300000031604 P81 74 25 0
13535.700000031711 P6 75 25 0
13587.4000000319 P79 76 25 0
13587.900000031901 P25 77 25 0
14024.60000003349 P70 78 25 0
14089.500000033726 P20 79 25 0
14103.100000033775 P55 80 25 0
14361.600000034716 P84 81 25 0
14421.200000034933 P10 82 25 0
14553.200000035413 P80 83 25 0
14570.700000035476 P12 84 25 0
15007.200000037064 P54 85 25 0
15063.60000003727 P85 86 25 0
15184.100000037708 P47 87 25 0
15232.800000037885 P95 88 25 0
15290.400000038095 P18 89 25 0
15302.000000038137 P66 90 25 0
15383.200000038432 P82 91 25 0
15629.200000039327 P94 92 25 0
15956.800000040519 P89 93 25 0
16101.600000041046 P8 94 25 0
16197.200000041394 P56 95 25 0
16215.20000004146 P22 96 25 0
16613.70000003873 P50 97 25 0
16988.800000033272 P99 98 25 0
17439.600000026712 P92 99 25 0
17791.200000021596 P14 100 25 0
0.6 P42 1 0 0
1804.5999999994542 P2 2 1 5
3255.6999999981344 P53 3 1 8
5037.200000000794 P61 4 3 8
5102.300000001031 P30 5 4 7
5235.500000001515 P20 6 4 7
5244.900000001549 P0 7 4 8
5425.400000002206 P35 8 4 8
5485.100000002423 P84 9 4 8
5487.1000000024305 P11 10 4 8
5562.000000002703 P66 11 4 8
5675.700000003117 P95 12 4 8
5721.300000003283 P8 13 4 8
5755.400000003407 P64 14 4 8
5911.100000003973 P79 15 4 20
5961.500000004156 P46 16 5 19
6310.200000005425 P26 17 5 19
6557.900000006326 P18 18 6 18
6621.300000006557 P21 19 6 19
6745.600000007009 P48 20 6 19
7102.300000008307 P88 21 7 18
7586.6000000100685 P17 22 8 17
7603.900000010131 P38 23 8 17
7634.800000010244 P90 24 8 17
7819.400000010915 P56 25 9 16
7842.300000010999 P37 26 9 16
7868.500000011094 P33 27 9 16
8148.800000012114 P32 28 9 16
8287.100000012617 P45 29 9 16
8341.200000012814 P24 30 9 16
8416.500000013088 P5 31 9 16
8634.600000013881 P1 32 10 15
8681.500000014052 P72 33 10 15
8703.10000001413 P83 34 10 15
8705.400000014139 P28 35 10 15
8716.70000001418 P94 36 10 15
8838.500000014623 P93 37 10 15
8900.400000014848 P80 38 10 15
8964.10000001508 P7 39 10 15
9203.30000001595 P57 40 11 14
9322.200000016383 P81 41 11 14
9532.200000017147 P9 42 12 13
9737.300000017893 P91 43 13 12
9967.900000018732 P49 44 13 12
10252.100000019766 P54 45 13 12
10284.500000019883 P68 46 13 12
10323.500000020025 P12 47 13 12
10469.800000020557 P96 48 13 12
10882.400000022059 P4 49 14 11
11142.700000023005 P52 50 14 11
11517.000000024367 P75 51 15 10
11592.800000024643 P58 52 15 10
11722.300000025114 P67 53 15 10
11994.000000026102 P15 54 15 10
12147.10000002666 P13 55 16 9
12338.400000027355 P86 56 17 8
12432.600000027698 P82 57 17 8
13015.600000029819 P23 58 18 7
13635.500000032074 P50 59 19 6
13902.200000033044 P10 60 19 6
14018.400000033467 P76 61 19 6
14103.600000033777 P73 62 20 5
14123.70000003385 P29 63 20 5
14156.40000003397 P44 64 20 5
14575.300000035493 P99 65 20 5
14819.800000036383 P36 66 21 4
14908.900000036707 P51 67 21 4
14924.200000036763 P74 68 21 4
14954.100000036871 P16 69 21 4
15063.200000037268 P59 70 21 4
15440.0 P31 71 22 3
15499.400000038855 P55 72 22 3
15608.700000039253 P6 73 22 3
16018.800000040745 P87 74 22 3
16245.100000041568 P97 75 22 3
16375.800000042043 P71 76 23 2
16516.700000040142 P40 77 23 2
16543.100000039758 P78 78 23 2
16572.900000039324 P69 79 23 2
16603.700000038876 P60 80 23 2
16850.20000003529 P3 81 23 2
17042.800000032486 P92 82 23 2
17151.400000030906 P62 83 24 1
17392.600000027396 P19 84 24 1
17543.900000025194 P77 85 24 1
17740.10000002234 P41 86 24 1
18155.400000016296 P39 87 25 0
18163.900000016172 P98 88 25 0
18288.40000001436 P27 89 25 0
18469.300000011728 P63 90 25 0
18482.500000011536 P34 91 25 0
18510.000000011136 P43 92 25 0
18769.200000007364 P89 93 25 0
18885.100000005677 P47 94 25 0
19055.700000003195 P14 95 25 0
19729.899999993384 P22 96 25 0
19870.29999999134 P65 97 25 0
21711.99999996454 P85 98 25 0
21904.49999996174 P25 99 25 0
23572.89999993746 P70 100 25 0
964.7000000001508 P17 1 2 3
1384.2999999998365 P26 2 3 6
2429.6999999988857 P80 3 3 6
2519.599999998804 P98 4 3 6
2570.5999999987575 P54 5 3 6
2684.9999999986535 P73 6 3 6
2690.5999999986484 P25 7 3 6
2691.7999999986473 P4 8 3 6
2785.1999999985624 P27 9 3 6
2883.7999999984727 P90 10 3 6
2902.7999999984554 P15 11 3 6
2991.399999998375 P19 12 3 6
3368.299999998032 P62 13 3 6
3536.2999999978792 P47 14 3 6
3727.899999997705 P7 15 3 15
3757.399999997678 P75 16 3 15
3837.1999999976056 P10 17 3 15
3843.7999999975996 P48 18 3 15
3971.4999999974834 P11 19 3 15
4003.3999999974544 P44 20 3 15
4262.099999997974 P18 21 3 15
4318.899999998181 P8 22 4 14
4327.699999998213 P42 23 4 14
4541.39999999899 P88 24 4 14
4602.7999999992135 P51 25 4 17
4993.600000000635 P5 26 5 16
5151.100000001208 P60 27 5 16
5243.900000001546 P0 28 5 16
5248.000000001561 P58 29 5 16
5458.900000002328 P67 30 5 16
5467.400000002359 P70 31 5 16
5790.0 P3 32 5 17
6336.900000005522 P40 33 6 16
6630.000000006588 P97 34 6 16
6844.500000007369 P28 35 7 15
6881.500000007503 P84 36 7 15
7603.700000010131 P33 37 8 14
8193.600000012277 P52 38 10 13
8219.30000001237 P63 39 10 14
8232.000000012416 P34 40 10 14
8315.700000012721 P89 41 10 14
8398.300000013021 P91 42 10 14
8747.400000014291 P21 43 10 14
9042.100000015364 P43 44 11 14
9229.400000016045 P65 45 11 14
9335.40000001643 P64 46 11 14
9889.300000018446 P94 47 12 13
9999.600000018847 P20 48 12 13
10123.600000019298 P83 49 13 12
10334.800000020066 P77 50 14 11
10339.400000020083 P46 51 14 11
10589.800000020994 P99 52 15 10
10646.100000021199 P57 53 15 10
11041.700000022638 P24 54 16 9
11756.300000025238 P55 55 17 8
11769.200000025285 P22 56 17 8
11933.400000025882 P68 57 18 7
11967.400000026006 P38 58 18 7
12053.500000026319 P74 59 18 7
12089.800000026451 P49 60 18 7
12113.900000026539 P72 61 18 7
12318.600000027283 P93 62 18 7
12359.500000027432 P29 63 18 7
12432.500000027698 P30 64 18 7
12433.900000027703 P79 65 18 7
12596.100000028293 P14 66 18 7
12704.000000028685 P86 67 18 7
12756.300000028876 P85 68 18 7
12965.500000029637 P2 69 18 7
13030.700000029874 P37 70 18 7
13039.500000029906 P35 71 18 7
13111.200000030167 P76 72 19 6
13161.100000030348 P32 73 19 6
13338.900000030995 P61 74 19 6
13425.000000031308 P95 75 19 6
13507.500000031609 P50 76 19 6
13555.900000031785 P66 77 19 6
13905.700000033057 P23 78 19 6
14156.40000003397 P39 79 20 5
14177.600000034046 P56 80 20 5
14711.400000035988 P53 81 21 4
15665.90000003946 P1 82 22 3
15974.400000040583 P78 83 23 2
15997.300000040666 P45 84 23 2
16240.900000041553 P92 85 23 2
16318.100000041833 P6 86 23 2
16439.30000004127 P71 87 24 1
16463.100000040922 P69 88 24 1
16524.50000004003 P81 89 24 1
16611.300000038766 P12 90 24 1
16734.400000036974 P36 91 24 1
16984.80000003333 P9 92 24 1
17304.800000028674 P82 93 25 0
17454.80000002649 P59 94 25 0
18141.200000016503 P16 95 25 0
18248.50000001494 P41 96 25 0
19164.00000000162 P31 97 25 0
19449.09999999747 P87 98 25 0
19709.399999993682 P96 99 25 0
20246.099999985872 P13 100 25 0
0.8999999999999999 P28 1 0 0
566.9000000000603 P0 2 2 0
689.0000000000881 P59 3 2 0
731.3000000000977 P73 4 2 2
824.800000000119 P81 5 2 2
865.8000000001283 P29 6 2 2
1267.2999999999429 P36 7 2 4
1492.8999999997377 P41 8 2 4
2059.699999999222 P10 9 2 6
2868.6999999984864 P43 10 2 6
4148.19999999756 P77 11 2 6
5668.600000003091 P7 12 5 12
5689.800000003168 P92 13 5 12
5791.1000000035365 P94 14 5 12
6046.000000004464 P68 15 6 18
6815.900000007265 P19 16 7 18
6885.800000007519 P51 17 7 18
6998.1000000079275 P48 18 7 18
7003.100000007946 P63 19 7 18
7184.500000008606 P72 20 7 18
7218.80000000873 P21 21 8 17
7290.800000008992 P75 22 8 17
7291.200000008994 P60 23 8 17
7308.400000009056 P12 24 8 17
7483.8000000096945 P25 25 8 17
7493.900000009731 P9 26 8 17
7501.90000000976 P26 27 8 17
7631.300000010231 P83 28 8 17
7649.800000010298 P54 29 8 17
7677.200000010398 P74 30 9 16
7812.40000001089 P30 31 9 16
7874.600000011116 P13 32 9 16
7885.100000011154 P40 33 9 16
7886.100000011158 P47 34 9 16
7909.500000011243 P53 35 9 16
7943.900000011368 P49 36 9 16
8180.80000001223 P3 37 9 16
8701.600000014125 P57 38 10 15
8766.40000001436 P87 39 11 14
8974.100000015116 P4 40 11 14
8998.500000015205 P24 41 11 14
9023.700000015297 P22 42 11 14
9062.200000015437 P35 43 11 14
9122.600000015656 P99 44 12 13
9172.700000015839 P91 45 12 13
9184.900000015883 P44 46 12 13
9190.000000015902 P84 47 12 13
9255.200000016139 P39 48 12 13
9286.800000016254 P78 49 12 13
9394.000000016644 P70 50 13 12
9581.700000017327 P56 51 14 11
9586.000000017342 P97 52 14 11
9759.700000017974 P93 53 14 11
9773.300000018024 P95 54 14 11
9852.00000001831 P96 55 14 11
9892.700000018458 P69 56 14 11
9956.200000018689 P45 57 14 11
10022.900000018932 P55 58 15 10
10128.900000019317 P16 59 15 10
10200.90000001958 P61 60 15 10
10295.500000019923 P82 61 15 10
10310.200000019977 P18 62 15 10
10578.600000020953 P14 63 16 9
10674.800000021303 P20 64 16 9
11189.300000023175 P31 65 18 7
11276.400000023492 P89 66 18 7
11331.900000023694 P1 67 18 7
11440.0 P85 68 18 7
11676.000000024946 P15 69 18 7
11691.700000025003 P5 70 18 7
11733.000000025153 P64 71 18 7
11734.600000025159 P76 72 18 7
11740.000000025178 P46 73 18 7
12296.500000027203 P6 74 19 6
12449.70000002776 P80 75 19 6
13445.000000031381 P98 76 20 5
14122.300000033845 P50 77 20 5
14151.400000033951 P52 78 21 4
14580.300000035511 P71 79 21 4
15032.700000037157 P17 80 22 3
15165.100000037639 P65 81 22 3
15189.300000037727 P33 82 22 3
15298.700000038125 P38 83 22 3
15375.400000038404 P27 84 22 3
15625.100000039312 P62 85 22 3
15719.100000039654 P2 86 23 2
15885.000000040258 P67 87 23 2
15904.300000040328 P34 88 23 2
15982.400000040612 P79 89 23 2
16333.000000041888 P11 90 23 2
16774.200000036395 P32 91 23 2
17341.40000002814 P86 92 24 1
19184.700000001318 P88 93 25 0
19937.09999999037 P90 94 25 0
20014.899999989237 P58 95 25 0
21413.499999968884 P23 96 25 0
24257.4999999275 P42 97 25 0
24823.799999919258 P8 98 25 0
26204.399999899168 P66 99 25 0
0.30000000000000004 P28 1 0 0
0.4 P21 2 0 0
0.7 P69 3 0 0
1778.1999999994782 P24 4 0 5
1940.0 P57 5 0 5
2213.5999999990822 P71 6 0 11
2345.0999999989626 P45 7 0 11
2729.599999998613 P32 8 0 11
2952.1999999984105 P35 9 0 11
4226.799999997846 P60 10 1 15
4281.999999998046 P31 11 1 15
4866.500000000173 P11 12 2 15
4892.700000000268 P18 13 2 15
5236.100000001517 P78 14 3 14
5240.500000001533 P70 15 3 14
6442.800000005907 P42 16 6 11
6783.100000007145 P88 17 7 10
6926.100000007666 P0 18 8 9
7034.50000000806 P40 19 9 8
7037.600000008071 P72 20 9 8
7161.00000000852 P7 21 9 9
7245.600000008828 P66 22 9 12
7268.20000000891 P53 23 9 12
7278.800000008949 P44 24 9 12
7376.900000009306 P49 25 10 11
7389.20000000935 P33 26 10 11
7417.0000000094515 P5 27 10 11
7450.0000000095715 P65 28 10 11
7462.800000009618 P38 29 10 11
7465.400000009628 P89 30 10 11
7530.400000009864 P82 31 10 11
7750.0 P47 32 10 11
7855.100000011045 P52 33 10 11
7929.400000011316 P8 34 10 11
7965.800000011448 P41 35 11 11
7974.400000011479 P98 36 11 11
8009.300000011606 P25 37 11 11
8336.200000012795 P4 38 11 11
8347.500000012837 P54 39 11 12
8366.700000012906 P3 40 11 12
8464.400000013262 P10 41 12 11
8660.500000013975 P12 42 12 11
8870.50000001474 P93 43 13 10
8992.700000015184 P73 44 13 10
9092.800000015548 P77 45 13 10
9294.20000001628 P14 46 14 9
9530.30000001714 P96 47 14 9
9580.300000017322 P58 48 14 9
9670.50000001765 P97 49 14 9
9701.800000017764 P27 50 15 8
9842.400000018275 P68 51 15 8
9993.900000018826 P50 52 15 8
9999.000000018845 P95 53 15 8
10491.900000020638 P80 54 16 7
10508.000000020696 P37 55 16 7
10513.500000020716 P81 56 16 7
10561.20000002089 P94 57 16 7
10748.20000002157 P90 58 17 6
10752.400000021586 P30 59 17 6
10766.400000021637 P2 60 17 6
10876.800000022038 P48 61 17 6
11347.50000002375 P87 62 18 7
11537.800000024443 P99 63 19 6
11778.300000025318 P92 64 19 6
11801.600000025403 P51 65 19 6
11953.400000025955 P91 66 20 5
11990.300000026089 P83 67 20 5
12138.80000002663 P76 68 20 5
12142.400000026642 P23 69 20 5
12560.600000028164 P6 70 21 4
12712.000000028715 P22 71 21 4
12861.600000029259 P19 72 21 4
13018.40000002983 P9 73 22 3
13026.300000029858 P20 74 22 3
13198.200000030483 P85 75 22 3
13230.600000030601 P84 76 22 3
13260.800000030711 P79 77 22 3
13265.600000030729 P17 78 22 3
13372.900000031119 P59 79 22 3
13562.600000031809 P55 80 23 2
13571.10000003184 P61 81 23 2
13648.700000032122 P62 82 23 2
13758.10000003252 P74 83 23 2
13783.200000032612 P46 84 23 2
13863.500000032904 P75 85 24 1
14076.80000003368 P16 86 24 1
14519.50000003529 P15 87 25 0
14681.60000003588 P39 88 25 0
14963.400000036905 P43 89 25 0
15053.000000037231 P26 90 25 0
15291.200000038098 P34 91 25 0
15336.00000003826 P1 92 25 0
15353.000000038322 P63 93 25 0
15473.900000038762 P13 94 25 0
16128.200000041143 P64 95 25 0
16897.5000000346 P56 96 25 0
17284.700000028966 P86 97 25 0
18161.9000000162 P36 98 25 0
18345.200000013534 P67 99 25 0
20282.999999985335 P29 100 25 0
0.5 P68 1 0 0
1983.999999999291 P17 2 0 5
3267.8999999981233 P38 3 1 4
3826.799999997615 P56 4 1 4
3914.999999997535 P48 5 1 18
3958.4999999974953 P32 6 1 18
3969.4999999974852 P88 7 1 18
4101.299999997389 P51 8 1 18
4127.699999997485 P16 9 1 18
4220.099999997821 P61 10 1 18
4260.099999997967 P31 11 2 17
4610.19999999924 P30 12 3 16
4674.699999999475 P60 13 3 16
5054.800000000858 P10 14 4 16
5197.500000001377 P96 15 4 17
5423.6000000021995 P80 16 5 16
5452.900000002306 P74 17 5 16
5900.200000003933 P49 18 6 15
6179.400000004949 P75 19 7 17
6261.300000005247 P24 20 7 17
6309.300000005422 P84 21 7 17
6348.500000005564 P62 22 7 17
6462.300000005978 P3 23 8 16
6486.400000006066 P92 24 8 16
6497.300000006106 P11 25 8 16
6647.300000006651 P54 26 8 16
7204.100000008677 P47 27 9 15
7408.30000000942 P89 28 10 14
7415.800000009447 P34 29 10 14
7780.600000010774 P59 30 12 12
7950.200000011391 P15 31 13 11
7965.100000011445 P14 32 13 12
8005.8000000115935 P27 33 13 12
8193.500000012276 P67 34 13 12
8451.700000013216 P23 35 14 11
8523.900000013478 P95 36 14 11
8566.900000013635 P78 37 14 11
8948.600000015023 P0 38 15 10
9197.500000015929 P26 39 15 10
9240.300000016085 P42 40 15 10
9331.600000016417 P76 41 15 10
9437.1000000168 P28 42 16 9
9641.000000017542 P36 43 16 9
9702.000000017764 P22 44 17 8
9773.000000018023 P90 45 17 8
9848.200000018296 P94 46 17 8
9863.20000001835 P9 47 18 7
9936.500000018617 P20 48 18 7
9976.400000018763 P98 49 18 7
9984.700000018793 P18 50 18 7
10130.300000019322 P63 51 18 7
10292.600000019913 P81 52 19 6
10339.600000020084 P82 53 19 6
10380.900000020234 P35 54 19 6
10601.000000021035 P25 55 19 6
10899.20000002212 P7 56 20 5
10912.000000022166 P19 57 20 5
10917.000000022184 P1 58 20 5
11005.600000022507 P44 59 20 5
11007.100000022512 P40 60 20 5
11060.100000022705 P4 61 20 5
11077.90000002277 P69 62 20 5
11180.000000023141 P64 63 20 5
11241.400000023365 P66 64 20 5
11373.700000023846 P39 65 21 4
11385.000000023887 P87 66 21 4
11752.300000025223 P58 67 22 3
12053.90000002632 P50 68 22 3
12460.000000027798 P21 69 23 2
12521.900000028023 P99 70 23 2
12535.500000028072 P53 71 23 2
12630.0 P5 72 23 2
12797.700000029026 P85 73 24 1
12900.000000029399 P52 74 24 1
12930.300000029509 P8 75 24 1
12990.800000029729 P97 76 24 1
13009.400000029797 P91 77 24 1
13104.200000030141 P45 78 24 1
13160.300000030345 P65 79 24 1
13305.900000030875 P83 80 24 1
13310.0 P77 81 24 1
13424.000000031305 P57 82 25 0
13437.300000031353 P55 83 25 0
13867.700000032919 P2 84 25 0
13933.000000033157 P86 85 25 0
14393.600000034832 P6 86 25 0
14587.000000035536 P41 87 25 0
14703.50000003596 P13 88 25 0
15402.0000000385 P71 89 25 0
15632.70000003934 P37 90 25 0
16060.500000040896 P79 91 25 0
16218.700000041472 P12 92 25 0
16437.500000041295 P43 93 25 0
16467.900000040852 P93 94 25 0
17153.80000003087 P72 95 25 0
17160.70000003077 P73 96 25 0
17332.800000028266 P33 97 25 0
18237.400000015103 P70 98 25 0
18448.000000012038 P29 99 25 0
19783.899999992598 P46 100 25 0
