3176.2999999982067 P7 1 3 2
3408.1999999979957 P9 2 3 2
5742.100000003358 P6 3 5 0
5961.400000004156 P1 4 5 4
7149.100000008477 P0 5 8 4
8464.800000013263 P3 6 12 2
10622.200000021112 P5 7 14 1
12480.600000027873 P4 8 15 0
77.0999999999999 P7 1 1 0
4753.799999999763 P0 2 3 1
6710.000000006879 P4 3 4 5
7314.80000000908 P2 4 5 4
7744.200000010642 P3 5 6 5
8389.50000001299 P5 6 8 3
13163.300000030356 P6 7 11 0
14511.10000003526 P9 8 14 1
15020.400000037112 P1 9 14 1
20477.8999999825 P8 10 15 1
14252.80000003432 P4 1 1 0
15678.200000039506 P8 2 4 4
16776.00000003637 P0 3 5 3
17448.200000026587 P7 4 6 3
17812.30000002129 P3 5 7 2
20675.999999979616 P2 6 9 0
23562.799999937608 P6 7 11 0
25581.899999908226 P5 8 16 1
5686.600000003156 P9 1 3 0
6502.400000006124 P5 2 3 0
26887.29999988923 P2 3 5 5
28210.399999869976 P3 4 9 1
116.89999999999763 P8 1 0 0
20329.39999998466 P9 2 1 7
20618.199999980458 P6 3 2 6
21630.0 P1 4 6 4
22522.89999995274 P2 5 8 7
22909.09999994712 P7 6 9 6
23697.499999935648 P3 7 11 4
23699.39999993562 P4 8 11 4
24287.69999992706 P0 9 13 2
12044.900000026288 P5 1 1 0
13808.200000032703 P3 2 5 0
15005.400000037058 P0 3 7 0
17481.6000000261 P2 4 9 0
25714.99999990629 P7 5 9 0
27396.699999881817 P9 6 12 1
28326.499999868287 P6 7 13 0
5007.000000000684 P5 1 1 2
6474.500000006023 P8 2 3 1
7610.400000010155 P3 3 4 4
8742.800000014275 P7 4 7 3
9088.700000015533 P0 5 8 2
9256.600000016144 P4 6 8 2
9468.400000016914 P9 7 9 3
24302.69999992684 P1 8 12 6
27473.699999880697 P6 9 17 3
12553.000000028136 P5 1 0 6
13759.500000032525 P0 2 3 3
13875.200000032946 P8 3 4 2
16460.300000040963 P4 4 9 0
16488.300000040555 P3 5 9 2
19017.200000003755 P7 6 11 0
20644.999999980068 P9 7 11 0
22852.69999994794 P2 8 15 0
23872.999999933094 P1 9 16 4
26840.49999988991 P6 10 20 0
4122.699999997467 P5 1 1 0
20714.499999979056 P4 2 1 0
23364.899999940488 P7 3 6 3
24159.19999992893 P0 4 7 2
25971.799999902552 P9 5 9 0
28427.699999866814 P3 6 9 1
13012.100000029806 P6 1 0 8
14406.60000003488 P9 2 5 6
14684.60000003589 P4 3 5 6
15013.900000037089 P0 4 6 5
15794.600000039929 P7 5 8 3
15903.600000040326 P5 6 8 7
17221.20000002989 P3 7 12 3
17814.400000021258 P8 8 13 3
26195.1999998993 P1 9 17 0
